tree
version=v4
num_class=1
num_tree_per_iteration=1
label_index=0
max_feature_idx=38
objective=binary sigmoid:1
feature_names=return5d return20d return60d ma20Deviation trendSlope20d volatility20d maxDrawdown20d maxDrawdown60d lossDayRatio20d consecutiveUpDays consecutiveDownDays positionToSingleLimit profitBuffer lossPressure themeRate estimateGrowthRate navSampleSize holdingProfitRate holdingDays isActiveFund isActiveQdii isIndexFund isEtfFund isEtfQdii isQdiiFund isPassiveFund typeActiveEquity typeActiveQdii typeIndex typeIndexQdii typeEtf typeEtfQdii profileStableAnnualReturn profileStableDrawdownFloor profileStableBenchmarkGap profileMaxAnnualTrades profileDefensiveAnnualReturn profileDefensiveDrawdownFloor profileDefensiveBenchmarkGap
feature_infos=[-18.602474999999998:35.835351000000003] [-25.483103:47.490637] [-34.982695:106.18034400000001] [-20.443919999999999:35.679302999999997] [-1.282003:2.0631849999999998] [8.2914999999999992:84.913120000000006] [-26.317771:-0.68485600000000002] [-39.054544999999997:-1.0902670000000001] [15:75] [0:9] [0:8] none [0:47.490637] [0:25.483103] none none [20:932] [-25.483103:47.490637] [20:932] [0:1] [0:1] none [0:1] [0:1] [0:1] [0:1] [0:1] [0:1] none none none [0:1] [12:18] [-18:-14] [6:20] [4.5:6] none none none
tree_sizes=1261 1299 1291 1299 1304 1300 1291 1296 1288 1303 1292 1299 1295 1300 1305 1297 1298 1297 1298 1303 1302 1309 1306 1308 1303 1310 1300 1302 1311 1313 1304 1306 1304 1305 1300 1296 1308 1297 1317 1312 1310 1304 1303 1308 1307 1295 1311 1312 1311 1298 1301 1301 1308 1291 1302 1302 1290 1300 1311 1301

Tree=0
num_leaves=11
num_cat=0
split_feature=16 16 7 7 7 8 16 4 20 16
split_gain=211.908 173.424 147.277 158.075 105.62 97.227 73.2655 66.8494 69.5478 57.9517
threshold=234.50000000000003 900.50000000000011 -5.0636754999999996 -16.965267499999996 -24.464679999999998 52.500000000000007 845.50000000000011 0.27136400000000005 1.0000000180025095e-35 219.50000000000003
decision_type=2 2 2 2 2 2 2 2 2 2
left_child=4 2 3 7 9 -5 -7 -2 -9 -1
right_child=1 -3 -4 5 -6 6 -8 8 -10 -11
leaf_value=0.34276825010662004 0.3539629291827886 0.17461840637359347 0.34152337723082077 0.29238921557080177 0.22611745477133682 0.24459000800061526 0.36038124479185984 0.24405654723269524 0.37208269325470567 0.22267440380009504
leaf_weight=34.861039400100708 114.78969269990921 29.426829993724823 160.95872691273689 421.81327760219574 197.10252563655376 214.92078685760498 14.588467717170714 33.740205615758896 15.472243487834929 14.111676186323164
leaf_count=73 183 31 249 717 527 462 17 60 20 27
internal_value=0.284035 0.294211 0.297816 0.289187 0.242446 0.27814 0.25195 0.333061 0.284308 0.308163
internal_weight=1251.79 1005.71 976.283 815.325 246.075 651.323 229.509 164.002 49.2124 48.9727
internal_count=2366 1739 1708 1459 627 1196 479 263 80 100
is_linear=0
shrinkage=1


Tree=1
num_leaves=11
num_cat=0
split_feature=18 18 7 7 7 8 2 18 7 5
split_gain=203.599 155.412 123.331 153.217 93.1092 85.4992 84.1446 65.443 58.7877 73.3392
threshold=234.50000000000003 900.50000000000011 -5.0636754999999996 -16.965267499999996 -24.464679999999998 52.500000000000007 30.061026500000001 845.50000000000011 -7.8904974999999995 37.034252500000008
decision_type=2 2 2 2 2 2 2 2 2 2
left_child=4 2 3 -2 -1 8 -6 -7 9 -5
right_child=1 -3 -4 5 6 7 -8 -9 -10 -11
leaf_value=0.021462050059455784 0.047161563087658898 -0.10300676730098068 0.052789076616750225 0.040752112888701619 -0.065132360727361102 -0.037189138474456498 0.045130505250234952 0.072990339231265897 -0.020151177475461697 -0.010576432148992397
leaf_weight=49.295338124036789 171.51106202602386 29.769949615001678 162.2791833281517 172.86624589562416 188.15813273191452 217.16768860816956 19.054667055606842 14.368993401527403 132.24933785200119 116.48655119538307
leaf_count=101 276 31 251 324 517 463 31 17 235 154
internal_value=-0.000493458 0.00954952 0.0129447 0.00510389 -0.0402999 -0.00594025 -0.0549929 -0.0303515 0.00746598 0.0200885
internal_weight=1273.21 1016.7 986.929 824.65 256.508 653.139 207.213 231.537 421.602 289.353
internal_count=2400 1751 1720 1469 649 1193 548 480 713 478
is_linear=0
shrinkage=0.05


Tree=2
num_leaves=11
num_cat=0
split_feature=16 16 7 7 8 7 2 2 16 16
split_gain=187.346 130.399 105.453 127.428 85.7613 74.0551 85.8824 66.2058 95.1512 111.375
threshold=234.50000000000003 900.50000000000011 -3.6658359999999997 -16.965267499999996 52.500000000000007 -24.100376499999996 26.972924000000003 9.1936845000000016 342.50000000000006 601.50000000000011
decision_type=2 2 2 2 2 2 2 2 2 2
left_child=5 2 3 -2 7 -1 -7 -5 -9 -10
right_child=1 -3 -4 4 -6 6 -8 8 9 -11
leaf_value=0.017212634117351296 0.04804220566391712 -0.10371190416503673 0.083707169069699314 0.03411107008693539 -0.025126321078507659 -0.063447252361365863 0.03975724697028523 0.045420784660227545 -0.06564115659985735 0.0057601303199899785
leaf_weight=47.256285130977631 163.23238453269005 25.085898280143738 48.375283777713776 192.40131479501724 243.23053771257401 184.29727840423584 22.633566677570343 77.25588396191597 82.240938544273376 162.58926248550415
leaf_count=98 267 26 56 389 503 505 37 117 149 220
internal_value=-0.00095428 0.00883778 0.0117505 0.00797083 -0.0006616 -0.039262 -0.052159 0.0109044 -0.00295832 -0.0182243
internal_weight=1248.6 994.412 969.326 920.95 757.718 254.187 206.931 514.487 322.086 244.83
internal_count=2367 1727 1701 1645 1378 640 542 875 486 369
is_linear=0
shrinkage=0.05


Tree=3
num_leaves=11
num_cat=0
split_feature=16 16 16 7 7 2 5 2 7 7
split_gain=140.818 117.148 116.524 93.724 89.732 84.8979 77.277 86.332 70.5254 94.6438
threshold=234.50000000000003 900.50000000000011 740.50000000000011 -24.100376499999996 -18.846248999999997 30.061026500000001 31.581298500000006 17.105295500000004 -5.3596829999999995 -7.8904974999999995
decision_type=2 2 2 2 2 2 2 2 2 2
left_child=3 2 4 -1 -2 -5 -4 -8 9 -6
right_child=1 -3 6 5 8 -7 7 -9 -10 -11
leaf_value=0.029351291011556948 0.051453453443730181 -0.091706874093087837 0.063045849800464362 -0.059378827251538306 -0.0010441767245393898 0.043387649218790514 0.062071151320149058 -0.050829155281892573 0.032724738556215813 -0.050420506627534382
leaf_weight=47.447015911340714 78.329041302204132 28.968313097953796 147.41916888952255 188.5085925757885 427.54222923517227 22.495383501052856 30.235577642917633 38.484741151332855 103.46068328619003 125.54868152737617
leaf_count=100 138 30 181 512 796 37 42 49 185 276
internal_value=-0.00131393 0.00734452 0.0103617 -0.0341448 0.000870027 -0.0484228 0.0426335 -0.00115526 -0.00516476 -0.0122523
internal_weight=1238.44 979.988 951.02 258.451 734.881 211.004 216.139 68.7203 656.552 553.091
internal_count=2346 1697 1667 649 1395 549 272 91 1257 1072
is_linear=0
shrinkage=0.05


Tree=4
num_leaves=11
num_cat=0
split_feature=16 16 16 7 8 24 5 7 16 2
split_gain=154.488 107.908 88.27 135.848 91.7314 71.7236 89.5512 73.8094 60.9339 76.3106
threshold=234.50000000000003 900.50000000000011 790.50000000000011 -17.583693999999998 52.500000000000007 1.0000000180025095e-35 32.307914500000003 -7.8904974999999995 318.50000000000006 11.777837000000002
decision_type=2 2 2 2 2 2 2 2 2 2
left_child=-1 2 3 -2 5 8 7 -7 -5 -10
right_child=1 -3 -4 4 -6 6 -8 -9 9 -11
leaf_value=-0.03435505040773882 0.054344224343879859 -0.087218595569712121 0.047241691233375405 0.082487864125730004 -0.029304583082924735 0.037966512474593504 -0.070198840175507551 -0.020230786517756304 0.072244702333506369 -0.0060779954495190081
leaf_weight=250.24361956119537 122.4215572476387 27.947127342224121 153.19972836971283 46.906746953725815 221.48698896169662 99.983491897583008 46.388861089944839 119.71277922391891 44.208437472581863 104.87650352716446
leaf_count=630 213 29 186 56 469 214 92 266 63 129
internal_value=0.000734146 0.00962946 0.0124513 0.00583837 -0.00284869 0.00983239 -0.00707406 0.00625473 0.0327852 0.0171472
internal_weight=1237.38 987.132 959.185 805.985 683.564 462.077 266.085 219.696 195.992 149.085
internal_count=2347 1717 1688 1502 1289 820 572 480 248 192
is_linear=0
shrinkage=0.05


Tree=5
num_leaves=11
num_cat=0
split_feature=7 7 18 18 18 2 5 18 24 7
split_gain=141.394 97.147 71.2813 107.185 64.3775 61.8058 60.9915 178.13 83.907 54.8967
threshold=-4.9005624999999986 -16.965267499999996 258.50000000000006 297.50000000000006 234.50000000000003 30.061026500000001 25.784961500000005 390.50000000000006 1.0000000180025095e-35 -11.295414999999997
decision_type=2 2 2 2 2 2 2 2 2 2
left_child=1 4 5 -4 -1 -3 7 9 -8 -5
right_child=-2 2 3 6 -6 -7 8 -9 -10 -11
leaf_value=-0.012995062895577218 0.043932149709921382 -0.05465441204798193 0.066671895458032274 0.024605065613769586 0.041116370527302215 0.029941914935336319 0.0023800573707337164 0.027206395288234504 -0.04877713638665547 -0.083518810804566246
leaf_weight=84.080708384513855 167.06861367821693 146.83693347871304 46.994249939918518 14.615121304988859 158.73900836706161 25.312582165002823 141.71964335441589 222.02643060684204 184.50807809829712 59.660605102777481
leaf_count=179 289 403 94 37 265 47 187 383 337 145
internal_value=0.00111423 -0.00548197 -0.0135198 -0.00614155 0.0223793 -0.0422155 -0.0116382 0.0047835 -0.0265535 -0.0622434
internal_weight=1251.56 1084.49 841.674 669.524 242.82 172.15 622.53 296.302 326.228 74.2757
internal_count=2366 2077 1633 1183 444 450 1089 565 524 182
is_linear=0
shrinkage=0.05


Tree=6
num_leaves=11
num_cat=0
split_feature=16 5 2 7 7 7 16 5 16 16
split_gain=127.148 214.861 92.8376 120.679 71.3696 67.96 61.0523 61.3407 56.8083 52.7056
threshold=598.50000000000011 21.818471500000005 32.607265500000004 -18.846248999999997 -4.5191724999999989 -13.389685999999998 676.50000000000011 39.200812000000006 234.50000000000003 180.50000000000003
decision_type=2 2 2 2 2 2 2 2 2 2
left_child=2 -2 3 8 5 -3 -7 -8 -1 -5
right_child=1 4 -4 9 -6 6 7 -9 -10 -11
leaf_value=-0.011324442483047759 0.063917928098917623 0.030664557249177372 0.036112962185936029 -0.058953644183732105 0.077702298284805321 0.014911506933269493 -0.0283448529247344 -0.10737160575788562 0.049867744031725059 -0.021884606317299816
leaf_weight=73.888058394193649 172.48442989587784 65.109203577041626 84.612705826759338 124.09444350004196 23.1614630818367 58.755771607160568 112.72021007537842 31.393903434276581 77.931471556425095 421.90039789676666
leaf_count=153 241 98 115 352 27 86 148 43 142 970
internal_value=-0.00105327 0.0196956 -0.013348 -0.0193453 -0.00650363 -0.0137816 -0.0280461 -0.0455601 0.0200865 -0.0303097
internal_weight=1246.05 463.625 782.427 697.814 291.141 267.979 202.87 144.114 151.82 545.995
internal_count=2375 643 1732 1617 402 375 277 191 295 1322
is_linear=0
shrinkage=0.05


Tree=7
num_leaves=11
num_cat=0
split_feature=7 18 18 7 2 2 18 5 6 18
split_gain=112.953 78.6451 83.0248 79.7286 70.2414 56.3846 99.8678 120.58 69.6858 63.114
threshold=-3.6658359999999997 180.50000000000003 900.50000000000011 -23.359291499999994 15.270728500000002 9.1936845000000016 490.50000000000006 22.277235500000003 -3.4843029999999993 342.50000000000006
decision_type=2 2 2 2 2 2 2 2 2 2
left_child=1 3 5 -1 -5 6 8 -8 -3 -7
right_child=-2 2 -4 4 -6 9 7 -9 -10 -11
leaf_value=0.086250067844121245 0.075135452149509632 0.0050263262619129776 -0.081965821470919339 -0.063187913037909341 0.016172227257167864 0.02751930203896177 0.074005890076458344 0.0084454704507637823 -0.057997614740450634 -0.02154610638359996
leaf_weight=12.578680157661436 47.928315579891205 262.5994825065136 28.547155439853668 119.1752477735281 36.397963047027588 84.337495535612106 118.28969070315361 172.28080058097839 52.655135869979858 294.0795913040638
leaf_count=23 60 621 30 346 63 148 179 288 144 453
internal_value=-0.000110556 -0.0031644 0.00209314 -0.0348309 -0.0446208 0.00453121 0.0139895 0.0351348 -0.00550019 -0.0106109
internal_weight=1228.87 1180.94 1012.79 168.152 155.573 984.242 605.825 290.57 315.255 378.417
internal_count=2355 2295 1863 432 409 1833 1232 467 765 601
is_linear=0
shrinkage=0.05


Tree=8
num_leaves=11
num_cat=0
split_feature=7 7 16 5 7 6 5 2 16 2
split_gain=97.3861 83.9077 84.8394 125.558 74.1281 65.3369 66.4344 46.357 45.0091 43.4235
threshold=-5.0636754999999996 -11.553163 394.50000000000006 23.977284500000003 -11.788986 -2.4775934999999998 61.281258000000008 28.646576500000005 710.50000000000011 -1.0000000180025095e-35
decision_type=2 2 2 2 2 2 2 2 2 2
left_child=1 4 -3 -4 5 6 9 -2 -5 -1
right_child=7 2 3 8 -6 -7 -8 -9 -10 -11
leaf_value=0.0046163587527244948 0.017021745239434068 -0.047560497827202175 0.033010544013194719 -0.0081861685373364936 0.080837660915872134 0.07593743174498141 0.056026133741675921 0.074086989622986058 -0.054685503719624662 -0.028347522452382097
leaf_weight=292.12079983949661 102.28136521577835 179.15166676044464 132.5364882349968 115.54149156808853 33.087952584028244 29.490941107273102 46.717655926942825 54.579607486724854 94.691099762916565 151.83137181401253
leaf_count=615 220 475 232 191 54 42 75 69 123 279
internal_value=7.40668e-05 -0.00529535 -0.0196764 -0.00510248 0.00827136 0.00365535 -0.000689056 0.0368775 -0.02913 -0.00665727
internal_weight=1232.03 1075.17 521.921 342.769 553.249 520.161 490.67 156.861 210.233 443.952
internal_count=2375 2086 1021 546 1065 1011 969 289 314 894
is_linear=0
shrinkage=0.05


Tree=9
num_leaves=11
num_cat=0
split_feature=16 19 16 16 4 16 2 16 16 2
split_gain=102.119 92.6363 89.748 102.997 77.4287 67.0387 100.639 91.9411 51.8261 103.385
threshold=234.50000000000003 1.0000000180025095e-35 740.50000000000011 705.50000000000011 0.25192950000000008 574.50000000000011 20.147761500000005 315.50000000000006 394.50000000000006 10.188336500000002
decision_type=2 2 2 2 2 2 2 2 2 2
left_child=-1 4 3 5 -2 7 -7 -3 -9 -10
right_child=1 2 -4 -5 -6 6 -8 8 9 -11
leaf_value=-0.028031828819500594 0.0019663651326970741 0.041433856582264388 0.061067230793638738 -0.092405580356374403 -0.050934981751279799 0.065309839301419079 -0.034508259089578913 -0.042178721357292136 0.035316349608258572 -0.043226550399008107
leaf_weight=252.19201365113258 227.24774703383446 114.36177936196327 103.95247566699982 23.320842444896698 99.433644115924835 115.71975660324097 32.299691021442413 93.397261738777161 104.95208975672722 69.736162751913071
leaf_count=636 453 226 137 33 181 176 40 176 205 121
internal_value=0.000355881 0.00762833 0.0184378 0.0104358 -0.0141355 0.014957 0.0435283 0.00389895 -0.0121129 0.00396175
internal_weight=1236.61 984.421 657.74 553.788 326.681 530.467 148.019 382.447 268.086 174.688
internal_count=2384 1748 1114 977 634 944 216 728 502 326
is_linear=0
shrinkage=0.05


Tree=10
num_leaves=11
num_cat=0
split_feature=16 5 12 7 8 16 7 7 6 16
split_gain=97.9525 145.49 83.1045 63.632 58.258 77.6581 66.7221 53.215 53.8841 43.5349
threshold=598.50000000000011 22.277235500000003 20.205925500000003 -18.846248999999997 42.500000000000007 207.50000000000003 -24.100376499999996 -4.5191724999999989 -12.588751499999999 676.50000000000011
decision_type=2 2 2 2 2 2 2 2 2 2
left_child=2 -2 3 4 -1 6 -6 8 -3 -10
right_child=1 7 -4 -5 5 -7 -8 -9 9 -11
leaf_value=-0.076286269145557667 0.05688662918470086 0.067786283847246262 0.04738308048564227 -0.022165540771752885 0.033909583445033968 0.05722883181750154 -0.088523269159270071 0.070885027737257439 0.016884871948488627 -0.030359332111201367
leaf_weight=15.321710646152495 162.23543989658356 20.793367624282837 57.859968304634094 579.94270217418671 22.921244859695435 77.939623594284058 21.627938061952591 22.513561546802521 69.579385817050934 162.97876310348511
leaf_count=25 240 31 86 1370 50 151 45 29 107 220
internal_value=0.000413929 0.0193136 -0.0102615 -0.0149083 0.0156318 0.0271296 -0.0255297 -0.00278291 -0.00932926 -0.0162243
internal_weight=1213.71 438.101 775.613 717.753 137.811 122.489 44.5492 275.865 253.352 232.558
internal_count=2354 627 1727 1641 271 246 95 387 358 327
is_linear=0
shrinkage=0.05


Tree=11
num_leaves=11
num_cat=0
split_feature=16 19 16 16 4 16 2 5 16 2
split_gain=85.1771 69.8847 82.3077 94.8152 80.8903 52.5092 89.9512 87.2921 113.506 91.8822
threshold=234.50000000000003 1.0000000180025095e-35 740.50000000000011 705.50000000000011 0.25192950000000008 574.50000000000011 20.528792500000005 25.593359000000003 342.50000000000006 9.4905415000000009
decision_type=2 2 2 2 2 2 2 2 2 2
left_child=-1 4 3 5 -2 7 -7 -3 -9 -10
right_child=1 2 -4 -5 -6 6 -8 8 9 -11
leaf_value=-0.02601250799578066 0.0042153650185215935 -0.019549285007837543 0.058062191203290772 -0.091563983870518784 -0.05052496058503933 0.060442400106607057 -0.030566010619356418 0.072018582806983963 0.055981336762270288 -0.048504116876428541
leaf_weight=251.80745983123779 221.34415039420128 200.05505865812302 99.174545705318451 22.675917744636536 97.089583277702332 111.02302291989326 35.940108239650726 81.051149934530258 33.545116603374481 56.44483882188797
leaf_count=637 440 470 136 32 178 172 45 111 52 83
internal_value=-0.000134074 0.00666556 0.0161902 0.00851064 -0.0124748 0.012891 0.0381861 0.00287351 0.0290999 -0.00955558
internal_weight=1210.15 958.343 639.91 540.735 318.434 518.059 146.963 371.096 171.041 89.99
internal_count=2356 1719 1101 965 618 933 217 716 246 135
is_linear=0
shrinkage=0.05


Tree=12
num_leaves=11
num_cat=0
split_feature=16 5 2 7 16 16 2 8 16 3
split_gain=85.038 127.222 80.1848 76.9864 55.6269 51.5048 49.9675 47.4226 59.4135 45.7092
threshold=598.50000000000011 22.277235500000003 33.609642000000008 -18.736676499999998 180.50000000000003 900.50000000000011 8.4603740000000034 42.500000000000007 207.50000000000003 -5.2318624999999992
decision_type=2 2 2 2 2 2 2 2 2 2
left_child=2 -2 3 7 -5 -3 -6 -1 9 -9
right_child=1 5 -4 4 6 -7 -8 8 -10 -11
leaf_value=-0.056719683149819206 0.053474549324608989 0.004795560821125722 0.038846819294423629 -0.052783451348386551 -0.0021677844274242174 -0.073262003976941617 -0.039199106907674489 -0.061850032138355798 0.054718324009872234 0.035092677683237261
leaf_weight=18.674450933933258 166.94044637680054 261.16763550043106 79.914242058992386 120.72934758663177 279.86870077252388 22.993372559547424 135.05161741375923 25.242022395133972 81.0779929459095 23.460834443569183
leaf_count=32 255 376 111 343 679 25 274 51 164 52
internal_value=0.00161762 0.0188316 -0.00854608 -0.0140823 -0.0229126 -0.0015206 -0.014221 0.0177786 0.0284983 -0.0151514
internal_weight=1215.12 451.101 764.019 684.105 535.65 284.161 414.92 148.455 129.781 48.7029
internal_count=2362 656 1706 1595 1296 401 953 299 267 103
is_linear=0
shrinkage=0.05


Tree=13
num_leaves=11
num_cat=0
split_feature=7 18 2 18 24 2 18 18 6 2
split_gain=73.43 56.1036 62.5116 57.5494 82.7152 67.3556 56.6863 94.4534 46.109 42.4329
threshold=-3.6658359999999997 234.50000000000003 9.1936845000000016 342.50000000000006 1.0000000180025095e-35 25.060005000000004 601.50000000000011 853.50000000000011 -9.4787029999999977 30.061026500000001
decision_type=2 2 2 2 2 2 2 2 2 2
left_child=1 9 -3 4 -4 6 8 -8 -5 -1
right_child=-2 2 3 5 -6 -7 7 -9 -10 -11
leaf_value=-0.029778938897352114 0.067547088819377141 0.014805801807223693 0.054848786128140231 -0.09626235004565567 -0.063000318273147046 -0.062781492673256917 0.032000523422055463 -0.078478370734151703 -0.017589510376485564 0.045062809405518212
leaf_weight=228.30281104147434 38.602880001068115 508.8303250670433 60.703015089035034 24.566403925418854 19.728170767426491 75.010308563709259 111.5186203122139 23.407028675079346 76.995618313550949 20.652104079723358
leaf_count=600 56 1023 79 42 65 101 161 27 150 34
internal_value=-0.00028351 -0.00256099 0.00324566 -0.0117625 0.0259427 -0.0214983 -0.00840393 0.0128345 -0.0366193 -0.0235704
internal_weight=1188.32 1149.71 900.759 391.929 80.4312 311.498 236.488 134.926 101.562 248.955
internal_count=2338 2282 1648 625 144 481 380 188 192 634
is_linear=0
shrinkage=0.05


Tree=14
num_leaves=11
num_cat=0
split_feature=16 5 2 7 16 16 2 6 6 16
split_gain=74.7811 102.466 68.6555 69.0187 47.2289 43.1383 40.4241 38.4045 61.0348 37.439
threshold=598.50000000000011 22.499035000000003 32.607265500000004 -18.736676499999998 900.50000000000011 183.50000000000003 11.605264000000002 -9.4787029999999977 -4.1526474999999996 234.50000000000003
decision_type=2 2 2 2 2 2 2 2 2 2
left_child=2 -2 3 9 7 -5 -7 -3 -9 -1
right_child=1 4 -4 5 -6 6 -8 8 -10 -11
leaf_value=-0.0079115547934501731 0.048764592578382442 0.044153078168616883 0.036322191942757709 -0.047900592315057236 -0.069837977925067199 -0.0060689201195864625 -0.043857535094573415 -0.024155510175568481 0.035957282929799765 0.042809954121988208
leaf_weight=74.595230460166931 161.88354077935219 49.550203442573547 76.131385445594788 123.59751442074776 23.175863087177277 326.31090706586838 90.371569335460663 133.46177271008492 61.769973576068878 71.018556118011475
leaf_count=152 255 65 109 353 26 785 174 199 90 141
internal_value=0.000681149 0.0173568 -0.00872521 -0.0137253 -0.00161786 -0.0219594 -0.0142646 0.0048412 -0.00513624 0.0168263
internal_weight=1191.87 429.841 762.025 685.894 267.958 540.28 416.682 244.782 195.232 145.614
internal_count=2349 635 1714 1605 380 1312 959 354 289 293
is_linear=0
shrinkage=0.05


Tree=15
num_leaves=11
num_cat=0
split_feature=7 16 16 2 2 7 8 16 4 5
split_gain=68.5393 53.6579 68.4339 118.257 52.5383 69.9218 47.1211 46.4054 58.5397 39.9358
threshold=-3.6658359999999997 900.50000000000011 598.50000000000011 25.060005000000004 32.607265500000004 -19.412206999999999 42.500000000000007 207.50000000000003 -0.40828149999999996 21.494803000000005
decision_type=2 2 2 2 2 2 2 2 2 2
left_child=1 2 4 9 5 6 -1 8 -8 -4
right_child=-2 -3 3 -5 -6 -7 7 -9 -10 -11
leaf_value=-0.060165556897195875 0.065788436851922719 -0.070594703626207039 0.052016892351666413 -0.044455778670682206 0.029663150773758931 -0.021455269331697752 -0.04675995449655812 0.055094317276459262 0.072834310546229908 0.015141237550918719
leaf_weight=16.645078212022781 38.007397770881653 28.18120288848877 122.40010643005371 64.80802059173584 77.975676119327545 557.2939810603857 32.228033602237701 71.425061136484146 14.992146283388136 183.48346453905106
leaf_count=27 58 32 198 88 113 1365 67 142 31 275
internal_value=-0.000290134 -0.00243773 -0.000754718 0.016898 -0.00924688 -0.0136276 0.0186164 0.0296689 -0.00878944 0.0298971
internal_weight=1207.44 1169.43 1141.25 370.692 770.56 692.584 135.29 118.645 47.2202 305.884
internal_count=2396 2338 2306 561 1745 1632 267 240 98 473
is_linear=0
shrinkage=0.05


Tree=16
num_leaves=11
num_cat=0
split_feature=7 16 16 2 2 7 5 8 16 3
split_gain=66.0286 47.9072 51.8793 98.3932 59.2081 66.1352 48.3904 44.0749 53.3815 42.142
threshold=-3.6658359999999997 900.50000000000011 598.50000000000011 23.786204000000005 32.607265500000004 -18.846248999999997 21.494803000000005 42.500000000000007 207.50000000000003 -1.9131704999999999
decision_type=2 2 2 2 2 2 2 2 2 2
left_child=1 2 4 6 5 7 -4 -1 9 -9
right_child=-2 -3 3 -5 -6 -7 -8 8 -10 -11
leaf_value=-0.058130623982059718 0.064760120414135189 -0.068582024838229061 0.051890505920182954 -0.037168845913383652 0.031617793973018386 -0.022165709070726222 0.010158509418138112 -0.040201860530694029 0.053841893721887961 0.069516409315520292
leaf_weight=17.305134832859039 36.587055444717407 27.573260426521301 115.90504002571106 75.643730223178864 78.866559028625488 534.36304344236851 173.36519792675972 36.498248428106308 73.799870654940605 11.512307345867155
leaf_count=29 58 32 192 104 114 1305 260 76 155 26
internal_value=-0.00136118 -0.00347431 -0.00186749 0.013603 -0.00937121 -0.0141712 0.0268797 0.0165371 0.0271448 -0.0138928
internal_weight=1181.42 1144.83 1117.26 364.914 752.345 673.479 289.27 139.116 121.81 48.0106
internal_count=2351 2293 2261 556 1705 1591 452 286 257 102
is_linear=0
shrinkage=0.05


Tree=17
num_leaves=11
num_cat=0
split_feature=18 18 6 6 18 5 6 18 18 5
split_gain=46.3407 54.1803 48.3474 57.909 47.6015 69.1657 63.4307 73.8729 45.85 49.6406
threshold=258.50000000000006 900.50000000000011 -12.874794499999998 -7.1188014999999991 577.50000000000011 25.896373000000004 -6.643944499999999 306.50000000000006 345.50000000000006 52.423532000000002
decision_type=2 2 2 2 2 2 2 2 2 2
left_child=-1 2 -2 8 6 -6 -5 -8 -4 -10
right_child=1 -3 3 4 5 -7 7 -9 9 -11
leaf_value=-0.017090102358868552 0.054188396114574856 -0.06619172699651088 0.034814907959572552 0.077085294943172511 0.044675061941111587 -0.0045554864631663699 0.040903394002930672 -0.022020358218436627 -0.018036952099953967 -0.10557012243709805
leaf_weight=281.61543141305447 53.651549369096756 25.180927991867065 36.604153633117676 23.818081885576248 198.32984974980354 111.42853555083275 59.973459511995316 209.86693504452705 171.05411374568939 17.890949964523315
leaf_count=728 96 30 81 48 326 156 123 465 315 21
internal_value=0.000629382 0.00612628 0.0081895 0.00521241 0.0132919 0.0269655 -0.00113126 -0.00803522 -0.016403 -0.0263253
internal_weight=1189.41 907.799 882.618 828.966 603.417 309.758 293.658 269.84 225.549 188.945
internal_count=2389 1661 1631 1535 1118 482 636 588 417 336
is_linear=0
shrinkage=0.05


Tree=18
num_leaves=11
num_cat=0
split_feature=7 7 6 16 1 16 6 6 7 2
split_gain=59.9451 56.7821 54.3379 59.4197 75.3233 47.9283 39.2636 34.3546 33.5061 29.8429
threshold=-5.1778004999999991 -8.9462234999999968 -7.0818709999999987 433.50000000000006 5.1494605000000009 705.50000000000011 -2.4908194999999993 -3.6075409999999994 -14.943362999999998 28.646576500000005
decision_type=2 2 2 2 2 2 2 2 2 2
left_child=1 6 -3 -4 -5 -6 7 -1 -9 -2
right_child=9 2 3 4 5 -7 -8 8 -10 -11
leaf_value=0.0042191819129884858 0.015866905570522807 -0.082413493218477588 -0.042793356892887324 0.042186498157461907 0.032119322723902846 -0.067029171291377143 0.052119350905862297 -0.092372949672184068 -0.0097678888228193532 0.06496206209799156
leaf_weight=659.03284887969494 99.436956077814102 33.806123971939087 102.96975740790367 71.701449453830719 17.945287048816681 37.997010409832001 39.685391694307327 18.172378361225128 37.832320123910904 44.943154156208038
leaf_count=1300 230 64 285 118 35 47 74 41 76 72
internal_value=0.000996928 -0.00327472 -0.0232138 -0.0145356 0.00825983 -0.0352241 0.003711 0.00102428 -0.0365715 0.0311494
internal_weight=1163.52 1019.14 264.42 230.614 127.644 55.9423 754.723 715.038 56.0047 144.38
internal_count=2342 2040 549 485 200 82 1491 1417 117 302
is_linear=0
shrinkage=0.05


Tree=19
num_leaves=11
num_cat=0
split_feature=7 7 16 16 8 2 3 7 16 5
split_gain=56.1755 47.9062 44.2908 47.7525 49.8 81.7465 76.4795 46.9355 45.4403 138.518
threshold=-3.6658359999999997 -19.113004499999999 258.50000000000006 315.50000000000006 52.500000000000007 10.188336500000002 2.6679790000000003 -16.921163499999995 394.50000000000006 21.628885000000004
decision_type=2 2 2 2 2 2 2 2 2 2
left_child=1 -1 -3 7 5 -5 -7 -4 -6 -10
right_child=-2 2 3 4 8 6 -8 -9 9 -11
leaf_value=0.021773784589139852 0.06266478235531002 -0.027838618486631102 -0.035933555772240347 0.027200162730435774 -0.06615635030699539 0.015688171525492848 -0.040185392547660272 0.053009185226729982 0.066569711649742611 -0.040844616353756719
leaf_weight=177.92726863920689 34.611354231834412 193.47146356105804 18.935759484767914 203.32788321375847 52.442654311656952 109.54168903827667 138.91115093231201 68.453628271818161 40.900441288948059 112.76058581471443
leaf_count=344 60 548 52 406 123 166 206 145 74 212
internal_value=-6.96258e-05 -0.00201408 -0.00652277 -0.000989225 -0.00560203 0.00368954 -0.015551 0.0337368 -0.0259692 -0.0122538
internal_weight=1151.28 1116.67 938.745 745.274 657.884 451.781 248.453 87.3894 206.104 153.661
internal_count=2336 2276 1932 1384 1187 778 372 197 409 286
is_linear=0
shrinkage=0.05


Tree=20
num_leaves=11
num_cat=0
split_feature=7 16 7 16 2 16 2 3 5 12
split_gain=48.7348 39.6691 62.0258 43.0073 37.0225 26.2127 85.5639 34.6963 32.7132 30.8736
threshold=-3.6658359999999997 180.50000000000003 -23.359291499999994 900.50000000000011 26.972924000000003 598.50000000000011 23.786204000000005 1.9337120000000001 21.494803000000005 19.171434000000001
decision_type=2 2 2 2 2 2 2 2 2 2
left_child=1 2 -1 5 -4 9 8 -8 -7 -3
right_child=-2 3 4 -5 -6 6 7 -9 -10 -11
leaf_value=0.083295007849194358 0.061831973966680269 -0.0060786540974580141 -0.043472512223680267 -0.063637495822650145 0.028309345168077121 0.049297911086747068 0.016250589922608624 -0.057275111387186786 0.013734341634445556 0.035570441388885481
leaf_weight=12.297738313674925 30.901225328445435 539.97454717755318 129.32846891880035 24.281115412712097 20.860280990600586 106.17927995324135 23.799013376235962 49.247768878936768 165.37455871701241 48.491319894790649
leaf_count=23 56 1213 381 30 35 186 34 67 250 78
internal_value=-0.000110812 -0.00182009 -0.0246627 0.00205688 -0.0335025 0.00376644 0.0147179 -0.0333201 0.0276399 -0.00264665
internal_weight=1150.74 1119.83 162.486 957.348 150.189 933.066 344.601 73.0468 271.554 588.466
internal_count=2353 2297 439 1858 416 1828 537 101 436 1291
is_linear=0
shrinkage=0.05


Tree=21
num_leaves=11
num_cat=0
split_feature=16 5 2 8 7 20 7 16 16 16
split_gain=48.8453 79.0819 42.0573 47.7241 56.6227 41.3514 50.2051 40.506 37.8488 39.8622
threshold=598.50000000000011 21.818471500000005 32.607265500000004 42.500000000000007 -16.226709499999995 1.0000000180025095e-35 -9.0357934999999987 207.50000000000003 550.50000000000011 333.50000000000006
decision_type=2 2 2 2 2 2 2 2 2 2
left_child=2 -2 3 8 7 6 -6 -5 9 -1
right_child=1 -3 -4 4 5 -7 -8 -9 -10 -11
leaf_value=-0.054023739667487039 0.046108560888788092 -0.0010696169275316821 0.02758611099887744 -0.0089797245164405983 -0.013849791580247581 0.010532311628149308 -0.06468381251943281 0.040465822785830767 -0.094741981064191072 0.0065900685285170645
leaf_weight=57.698197185993195 131.85374283790588 272.18762791156769 77.734820485115051 72.375212103128433 198.88143108785152 107.55637121200562 64.266465723514557 96.839870437979698 24.129296541213989 51.188107579946518
leaf_count=156 239 400 116 181 419 307 173 219 46 111
internal_value=0.000309342 0.0143264 -0.0072352 -0.0112576 -0.00464857 -0.0155883 -0.0262646 0.0193174 -0.0380842 -0.0255288
internal_weight=1154.71 404.041 750.67 672.935 539.919 370.704 263.148 169.215 133.016 108.886
internal_count=2367 639 1728 1612 1299 899 592 400 313 267
is_linear=0
shrinkage=0.05


Tree=22
num_leaves=11
num_cat=0
split_feature=4 16 5 6 6 19 6 6 16 16
split_gain=47.3265 52.3642 88.6011 69.6412 61.2075 35.8918 32.9249 45.3293 28.1822 40.0473
threshold=0.46237650000000002 398.50000000000006 22.277235500000003 -12.874794499999998 -3.8619294999999996 1.0000000180025095e-35 -4.0516824999999992 -3.9275259999999999 61.500000000000007 105.50000000000001
decision_type=2 2 2 2 2 2 2 2 2 2
left_child=1 4 6 -4 8 -2 -3 -8 -1 -10
right_child=5 2 3 -5 -6 -7 7 -9 9 -11
leaf_value=-0.059945696171020774 -0.015138159327518963 0.059359255547979752 0.053606141145933421 -0.019621326340685922 -0.062859818055562941 0.030522065761695017 -0.063202109651609648 0.027382157237182403 0.059223549040541626 -0.011402617261102805
leaf_weight=26.47570726275444 56.921709775924683 67.466154605150223 36.539114207029343 291.42411178350449 68.328465804457664 176.46206232905388 15.767698675394056 111.27033293247223 21.729033902287483 263.14336992800236
leaf_count=68 121 125 69 488 209 286 28 229 57 661
internal_value=-0.000683358 -0.00587519 0.00439377 -0.0114629 -0.0200062 0.0193857 0.0311305 0.016139 -0.0106015 -0.00601551
internal_weight=1135.53 902.144 522.467 327.963 379.677 233.384 194.504 127.038 311.348 284.872
internal_count=2341 1934 939 557 995 407 382 257 786 718
is_linear=0
shrinkage=0.05


Tree=23
num_leaves=11
num_cat=0
split_feature=7 7 16 16 5 16 2 8 7 16
split_gain=45.6635 37.2996 31.8046 56.3787 33.113 127.785 53.4538 43.8498 29.1966 28.4279
threshold=-3.6658359999999997 -16.965267499999996 264.50000000000006 300.50000000000006 21.029265500000005 382.50000000000006 9.8918605000000017 57.500000000000007 -4.6002634999999996 234.50000000000003
decision_type=2 2 2 2 2 2 2 2 2 2
left_child=1 9 -3 -4 5 -5 -7 -6 -8 -1
right_child=-2 2 3 4 7 6 8 -9 -10 -11
leaf_value=-0.0055751011979010088 0.060644877859709345 -0.023813439544724178 0.056262018273032434 -0.052446605960415227 -0.0060967772633660072 0.051803155294308026 0.017588130339225454 -0.05314440430739318 -0.057804271497371919 0.031669355561802025
leaf_weight=82.192906096577644 31.003359794616699 186.01850299537182 41.097468256950378 59.489766508340836 367.76221403479576 117.42532333731651 40.158559381961823 57.233449190855026 18.878293603658676 136.02361933887005
leaf_count=179 60 531 94 143 610 246 73 115 38 267
internal_value=0.000797039 -0.000880189 -0.00543123 -0.000560564 -0.00409377 0.0109261 0.0322906 -0.0124326 -0.0065202 0.0176409
internal_weight=1137.28 1106.28 888.064 702.045 660.948 235.952 176.462 424.996 59.0369 218.217
internal_count=2356 2296 1850 1319 1225 500 357 725 111 446
is_linear=0
shrinkage=0.05


Tree=24
num_leaves=11
num_cat=0
split_feature=7 5 5 2 16 7 16 2 16 7
split_gain=42.0479 38.4868 35.6426 41.6796 32.7896 54.5895 35.5434 38.9514 57.0807 65.1396
threshold=-3.6658359999999997 59.299730000000004 56.435234500000007 48.871490500000007 180.50000000000003 -23.359291499999994 900.50000000000011 23.786204000000005 622.50000000000011 -25.545219999999997
decision_type=2 2 2 2 2 2 2 2 2 2
left_child=1 2 3 4 5 -1 7 8 -6 -10
right_child=-2 -3 -4 -5 6 -7 -8 -9 9 -11
leaf_value=0.079200618260095668 0.059953798898344172 0.041834554711743063 -0.081031736543071275 0.0688171617893336 -0.0038179463427607018 -0.035109254776143031 -0.061403595370418708 -0.029338310028429428 -0.06464890688915198 0.034598983083828673
leaf_weight=11.329219073057173 28.210618525743484 48.193277955055237 14.75118628144264 19.94790717959404 542.28395113348961 133.72186996042728 23.334148824214935 93.358409434556961 18.015203773975372 200.89508399367332
leaf_count=22 57 85 18 31 1229 395 30 147 25 331
internal_value=-0.000325173 -0.00186294 -0.0038541 -0.00276245 -0.0041583 -0.0261811 -0.000519529 0.00114295 0.0048814 0.0264314
internal_weight=1134.04 1105.83 1057.64 1042.89 1022.94 145.051 877.887 854.553 761.194 218.91
internal_count=2370 2313 2228 2210 2179 417 1762 1732 1585 356
is_linear=0
shrinkage=0.05


Tree=25
num_leaves=11
num_cat=0
split_feature=7 5 5 2 16 7 2 19 7 16
split_gain=41.0947 41.3317 34.7573 37.3288 44.2142 51.8219 41.5248 56.7743 38.5813 31.1786
threshold=-3.6658359999999997 59.299730000000004 56.435234500000007 48.871490500000007 180.50000000000003 -23.359291499999994 6.6265090000000013 1.0000000180025095e-35 -5.3596829999999995 601.50000000000011
decision_type=2 2 2 2 2 2 2 2 2 2
left_child=1 2 3 4 5 -1 8 -8 -6 -9
right_child=-2 -3 -4 -5 6 -7 7 9 -10 -11
leaf_value=0.077081168663475044 0.059461654567943091 0.046752317369457355 -0.080000474511312189 0.061821639479929018 0.0068389050697674819 -0.037891652105475765 -0.038463530875970403 -0.013110709162537091 0.067428492429777234 0.022731249817325674
leaf_weight=10.589841991662977 28.684312999248505 43.236251428723335 14.501357585191725 22.380146473646164 469.96036896109581 131.54427696764469 130.35470293462276 141.05245250463486 27.829542398452759 106.47833639383316
leaf_count=21 60 78 17 35 1010 394 246 273 73 155
internal_value=0.000381698 -0.00116182 -0.00312602 -0.00205431 -0.00345885 -0.0293255 0.000739663 -0.011757 0.0102262 0.00230714
internal_weight=1126.61 1097.93 1054.69 1040.19 1017.81 142.134 875.675 377.885 497.79 247.531
internal_count=2362 2302 2224 2207 2172 415 1757 674 1083 428
is_linear=0
shrinkage=0.05


Tree=26
num_leaves=11
num_cat=0
split_feature=7 3 2 18 6 5 18 18 2 18
split_gain=39.9243 39.9132 33.7594 37.2651 43.7604 52.1044 77.0796 65.5779 52.06 51.9944
threshold=-3.6658359999999997 10.997858000000003 -13.342830999999999 261.50000000000006 -12.874794499999998 21.029265500000005 398.50000000000006 315.50000000000006 10.188336500000002 374.50000000000006
decision_type=2 2 2 2 2 2 2 2 2 2
left_child=1 2 -1 -4 -5 6 7 -6 -8 -7
right_child=-2 -3 3 4 5 9 8 -9 -10 -11
leaf_value=0.026137709666590604 0.058925906684874185 0.04328366007540535 -0.025251134174533459 0.052072368926034153 0.052584118655120707 0.024038468059685486 0.05045281622369089 -0.055084874891002347 -0.0083500297315112545 -0.021070780885004844
leaf_weight=87.783327087759972 28.022908866405487 47.568309530615807 203.50083455443382 36.745635986328125 18.896809697151184 76.302265286445618 122.93483832478523 56.206509560346603 54.249949365854263 392.3776481449604
leaf_count=197 61 81 579 64 52 173 263 136 103 662
internal_value=-6.29903e-06 -0.00151232 -0.00354366 -0.00625432 -0.00115231 -0.00386501 0.0144556 -0.0279942 0.0324487 -0.0137269
internal_weight=1124.59 1096.57 1049 961.214 757.714 720.968 252.288 75.1033 177.185 468.68
internal_count=2371 2310 2229 2032 1453 1389 554 188 366 835
is_linear=0
shrinkage=0.05


Tree=27
num_leaves=11
num_cat=0
split_feature=7 16 16 5 6 6 4 7 0 7
split_gain=36.8196 28.9602 28.4591 57.3699 44.4785 46.6305 30.2329 24.994 24.3473 24.2866
threshold=-3.6658359999999997 900.50000000000011 613.50000000000011 25.896373000000004 -8.8435474999999979 -6.0492539999999986 1.3270845000000002 -4.3522154999999989 0.37907000000000007 -24.464679999999998
decision_type=2 2 2 2 2 2 2 2 2 2
left_child=1 2 6 7 -5 -6 9 -4 -7 -1
right_child=-2 -3 3 4 5 8 -8 -9 -10 -11
leaf_value=0.019838699754809435 0.058384399350853301 -0.058796209747447307 0.042147094065035751 0.02953829678652338 -0.063188753295542119 0.041709191085582541 0.05792620073955445 -0.026135600672239679 -0.019680862742456447 -0.010289793556208598
leaf_weight=74.527627781033516 26.386182397603989 21.535663783550262 132.09704765677452 56.350724577903748 46.939437031745911 24.194303274154663 18.266813904047012 14.914645552635191 48.58052259683609 652.56046470999718
leaf_count=152 60 29 238 80 72 31 32 31 67 1571
internal_value=2.28006e-05 -0.00139003 -0.000232933 0.0121618 -0.00709126 -0.0243332 -0.00560546 0.0352197 0.000728524 -0.00720158
internal_weight=1116.35 1089.97 1068.43 323.077 176.065 119.714 745.355 147.012 72.7748 727.088
internal_count=2363 2303 2274 519 250 170 1755 269 98 1723
is_linear=0
shrinkage=0.05


Tree=28
num_leaves=11
num_cat=0
split_feature=16 7 16 4 2 8 16 2 5 4
split_gain=33.8576 31.4072 27.6948 25.8913 23.9528 32.4592 23.8042 55.3203 36.3295 30.5614
threshold=55.500000000000007 -3.6658359999999997 900.50000000000011 1.3270845000000002 -13.342830999999999 67.500000000000014 595.50000000000011 23.786204000000005 21.494803000000005 0.51901050000000015
decision_type=2 2 2 2 2 2 2 2 2 2
left_child=-1 2 3 4 -2 6 -6 8 -8 -10
right_child=1 -3 -4 -5 5 -7 7 -9 9 -11
leaf_value=-0.060080473235791465 0.025315489386618002 0.057904726635235118 -0.057233476775692953 0.051581033152443424 -0.0070129314103657614 -0.064006390387672016 0.044501674411019092 -0.031764850788900741 -0.0021861725904176745 0.065108992795189322
leaf_weight=22.980155229568481 84.831015199422836 23.922491878271103 20.743701279163361 24.807200640439987 587.56978987157345 20.925650745630264 96.368701189756393 63.908351540565491 143.15949565172195 19.125072658061981
leaf_count=65 195 57 29 44 1386 57 193 89 218 31
internal_value=-2.23194e-05 0.00124928 -2.76081e-05 0.00111265 -0.000119749 -0.00243722 -0.00102163 0.00989198 0.0201846 0.00574449
internal_weight=1108.34 1085.36 1061.44 1040.7 1015.89 931.057 910.131 322.562 258.653 162.285
internal_count=2364 2299 2242 2213 2169 1974 1917 531 442 249
is_linear=0
shrinkage=0.05


Tree=29
num_leaves=11
num_cat=0
split_feature=7 16 16 6 16 2 2 19 7 7
split_gain=31.6171 28.9467 26.5578 27.3661 25.3015 58.8436 31.3765 38.5118 37.1628 34.1397
threshold=-3.6658359999999997 61.500000000000007 101.50000000000001 -20.264350499999995 180.50000000000003 26.972924000000003 9.1936845000000016 1.0000000180025095e-35 -4.0430909999999995 -5.7190374999999998
decision_type=2 2 2 2 2 2 2 2 2 2
left_child=1 -1 -3 -4 5 -5 9 -8 -9 -6
right_child=-2 2 3 4 6 -7 7 8 -10 -11
leaf_value=-0.053478921185204711 0.057412109566254622 0.044105166652628203 0.072250616323659186 -0.049955625969254028 0.0042487359026881595 0.040968144444477425 -0.034722057583805914 0.0057571711397372861 -0.066095826058498716 0.050052877252303785
leaf_weight=25.709405928850174 23.624891191720963 33.38144426047802 12.52233377099037 70.013950943946838 510.17732210457325 23.858139753341675 116.33712108433247 229.50885617733002 19.526307612657547 44.205768823623657
leaf_count=73 59 95 25 224 1114 40 225 361 40 111
internal_value=0.000189204 -0.0010565 0.000215528 -0.00121224 -0.00211979 -0.0268468 0.000403895 -0.0109717 0.000123333 0.0079011
internal_weight=1108.87 1085.24 1059.53 1026.15 1013.63 93.8721 919.755 365.372 249.035 554.383
internal_count=2367 2308 2235 2140 2115 264 1851 626 401 1225
is_linear=0
shrinkage=0.05


Tree=30
num_leaves=11
num_cat=0
split_feature=5 5 7 4 6 4 16 6 7 7
split_gain=29.9444 38.7801 29.28 27.5206 25.8706 25.947 35.7576 64.7335 55.067 34.5929
threshold=59.299730000000004 56.435234500000007 -3.6658359999999997 0.90818900000000002 -1.0896519999999998 0.24980650000000001 394.50000000000006 -7.0818709999999987 -17.583693999999998 -11.186844499999998
decision_type=2 2 2 2 2 2 2 2 2 2
left_child=1 2 3 4 5 6 9 8 -8 -1
right_child=-2 -3 -4 -5 -6 -7 7 -9 -10 -11
leaf_value=0.0029079157751191053 0.041057041742876416 -0.076851962641275778 0.057031961110071576 0.034278822888942836 0.053557193442913792 -0.018755332466665869 0.050730929225727264 0.027644977425069057 -0.025989412656207439 -0.030158262746170117
leaf_weight=174.18323412537575 43.435638412833214 16.716588169336319 21.962517440319061 51.569209158420563 19.668786942958832 235.98852081596851 28.072616249322891 229.34627220034599 140.18702474236488 144.89274656772614
leaf_count=433 82 20 57 88 46 454 66 439 243 443
internal_value=0.000365396 -0.00129797 -9.03556e-05 -0.00131561 -0.00320341 -0.00437528 0.00035977 0.0103646 -0.0131893 -0.0121075
internal_weight=1106.02 1062.59 1045.87 1023.91 972.339 952.67 716.682 397.606 168.26 319.076
internal_count=2371 2289 2269 2212 2124 2078 1624 748 309 876
is_linear=0
shrinkage=0.05


Tree=31
num_leaves=11
num_cat=0
split_feature=7 16 16 4 3 8 7 20 2 16
split_gain=27.262 25.8685 26.0572 22.3997 25.8402 37.1277 47.5058 44.8579 42.5666 40.0527
threshold=-3.6658359999999997 55.500000000000007 900.50000000000011 1.3270845000000002 0.42119500000000004 52.500000000000007 -15.713749999999999 1.0000000180025095e-35 15.270728500000002 225.50000000000003
decision_type=2 2 2 2 2 2 2 2 2 2
left_child=1 -1 3 4 5 8 -7 -8 9 -3
right_child=-2 2 -4 -5 -6 6 7 -9 -10 -11
leaf_value=-0.055761699521092459 0.056652446581525163 -0.034915508627931371 -0.055622130996134583 0.047098590261137954 -0.0077511861121874158 0.025317597804885086 -0.031367649121031072 0.024022853932255811 0.067728716807212305 0.02551286390808153
leaf_weight=20.999689906835556 21.043534159660339 34.87452295422554 20.438416063785553 26.124996200203896 506.80804035067558 97.201212540268898 145.8410530090332 48.776481822133064 44.577830702066422 128.30961018800735
leaf_count=63 57 104 30 47 1021 228 330 137 67 284
internal_value=0.000291775 -0.000812584 0.000283301 0.00138994 0.000203381 0.00827302 -0.00322817 -0.0174853 0.0244274 0.0125986
internal_weight=1095 1073.95 1052.95 1032.51 1006.39 499.581 291.819 194.618 207.762 163.184
internal_count=2368 2311 2248 2218 2171 1150 695 467 455 388
is_linear=0
shrinkage=0.05


Tree=32
num_leaves=11
num_cat=0
split_feature=7 4 2 19 16 2 4 2 2 7
split_gain=25.3012 24.659 22.6787 25.5016 40.6896 55.0742 48.5706 42.81 40.1492 61.8052
threshold=-3.6658359999999997 1.2721910000000003 -13.342830999999999 1.0000000180025095e-35 394.50000000000006 20.919033000000002 0.80265700000000006 -0.34459949999999995 10.037865000000002 -12.790780999999997
decision_type=2 2 2 2 2 2 2 2 2 2
left_child=1 2 -1 8 5 -5 -7 -6 9 -4
right_child=-2 -3 3 4 7 6 -8 -9 -10 -11
leaf_value=0.023078846580664628 0.056317071234993722 0.044099140234813136 -0.028631488915568295 -0.022881372687631209 0.046448101769560331 0.060234492287423037 -0.03332178648252266 0.0038953273003702682 -0.042213119901096004 0.02970142409845021
leaf_weight=83.861930921673775 19.920721650123596 30.045454889535904 102.46586801111698 243.98182877898216 74.328345119953156 42.325328588485718 20.637090861797333 288.59939166903496 99.434222683310509 81.546629026532173
leaf_count=195 56 54 256 677 144 63 31 504 208 174
internal_value=0.000486507 -0.00055562 -0.0018492 -0.00404208 0.00127747 -0.0121223 0.0295697 0.0126102 -0.0166138 -0.00278079
internal_weight=1087.15 1067.23 1037.18 953.319 669.872 306.944 62.9624 362.928 283.447 184.012
internal_count=2362 2306 2252 2057 1419 771 94 648 638 430
is_linear=0
shrinkage=0.05


Tree=33
num_leaves=11
num_cat=0
split_feature=7 5 5 7 2 16 5 6 2 5
split_gain=25.8797 25.5384 27.3075 33.9715 28.7007 23.1192 59.081 40.8362 39.6517 45.9792
threshold=-3.6658359999999997 61.281258000000008 51.87092950000001 -22.489228499999996 48.871490500000007 398.50000000000006 21.494803000000005 -4.2854119999999991 8.7079995000000014 12.114666000000001
decision_type=2 2 2 2 2 2 2 2 2 2
left_child=1 2 4 -4 5 7 8 -1 9 -7
right_child=-2 -3 3 -5 -6 6 -8 -9 -10 -11
leaf_value=-0.00089450201099829313 0.055956762127161379 0.038953155875897531 0.027972254020704725 -0.060240634122774563 0.067087829302556037 -0.042442936286991237 -0.0060315180134272416 -0.037154280332951255 -0.00069717933691817665 0.059293006828175711
leaf_weight=278.31776738166809 20.387098222970963 38.713237643241882 14.928192704915999 40.590047836303711 15.472075045108793 12.555392116308211 391.97351187467575 107.69505563378334 70.004135102033615 96.196990042924881
leaf_count=740 60 74 37 57 26 32 678 306 137 218
internal_value=0.000153495 -0.000913287 -0.002415 -0.0365212 -0.000467366 -0.00155984 0.00483227 -0.0110107 0.0286541 0.0475477
internal_weight=1086.83 1066.45 1027.73 55.5182 972.215 956.743 570.73 386.013 178.757 108.752
internal_count=2365 2305 2231 94 2137 2111 1065 1046 387 250
is_linear=0
shrinkage=0.05


Tree=34
num_leaves=11
num_cat=0
split_feature=16 6 4 8 4 2 16 5 3 16
split_gain=25.906 24.1378 21.133 27.2907 20.7388 34.7466 28.0503 38.9386 27.2949 34.3793
threshold=55.500000000000007 -1.1323529999999999 -0.76117399999999991 67.500000000000014 0.62477900000000008 13.095305500000002 345.50000000000006 38.488631500000004 1.8080535000000004 622.50000000000011
decision_type=2 2 2 2 2 2 2 2 2 2
left_child=-1 2 -2 4 8 -6 -7 -8 9 -4
right_child=1 -3 3 -5 5 6 7 -9 -10 -11
leaf_value=-0.052592669621789281 0.040257791581538069 0.051388816412270805 -0.0039044807540994752 -0.046463840403020047 0.060111899307392538 0.032925225754873652 0.024245836747703548 -0.062777650704559235 -0.015958065673991172 0.023285142816704282
leaf_weight=22.656799137592316 32.060866355895996 23.648518919944763 419.91679953038692 31.92898391187191 36.93215337395668 42.589899599552155 24.242929428815842 27.36272919178009 256.60668541491032 160.77228593826294
leaf_count=70 71 61 1058 86 80 69 42 44 513 270
internal_value=0.000308062 0.001443 0.000298935 -0.000981729 0.000517819 0.0190072 0.00289084 -0.0218964 -0.00237777 0.00362337
internal_weight=1078.72 1056.06 1032.41 1000.35 968.423 131.128 94.1956 51.6057 837.296 580.689
internal_count=2364 2294 2233 2162 2076 235 155 86 1841 1328
is_linear=0
shrinkage=0.05


Tree=35
num_leaves=11
num_cat=0
split_feature=16 16 0 8 2 6 4 1 16 16
split_gain=21.8345 29.6238 31.0875 34.6881 32.6968 28.3018 47.3163 29.6436 27.8879 44.1372
threshold=900.50000000000011 598.50000000000011 4.8484030000000011 52.500000000000007 -1.8966434999999999 -4.1072144999999987 0.90818900000000002 -1.0303179999999998 661.50000000000011 735.50000000000011
decision_type=2 2 2 2 2 2 2 2 2 2
left_child=1 5 3 8 -5 -1 7 -7 -3 -10
right_child=-2 2 -4 4 -6 6 -8 -9 9 -11
leaf_value=0.0015074372113196171 -0.053658064706423064 0.063121793716967259 -0.020934962759681819 0.031769964721867126 -0.038415989123343382 0.031367385827273907 0.053028585659000177 -0.036328459988887077 -0.0088180926963450073 0.042058447288720324
leaf_weight=518.26881746947765 18.401401162147522 48.149233967065811 55.843713164329529 27.239699900150299 42.458435207605362 18.056515246629715 19.431450247764587 154.89398643374443 74.946498900651932 98.861985176801682
leaf_count=1237 28 94 90 53 75 57 34 392 120 186
internal_value=0.00033925 0.00127827 0.013242 0.0197859 -0.0109856 -0.00457186 -0.0209492 -0.0292608 0.0294487 0.0201204
internal_weight=1076.55 1058.15 347.5 291.656 69.6981 710.651 192.382 172.951 221.958 173.808
internal_count=2366 2338 618 528 128 1720 483 449 400 306
is_linear=0
shrinkage=0.05


Tree=36
num_leaves=11
num_cat=0
split_feature=7 16 16 16 2 16 0 6 7 7
split_gain=23.5927 21.0034 24.5465 35.4384 45.2923 21.5403 17.3365 16.3778 22.8302 40.7439
threshold=-3.6658359999999997 61.500000000000007 101.50000000000001 180.50000000000003 26.972924000000003 900.50000000000011 -1.1455764999999998 -20.264350499999995 -23.941125499999995 -18.846248999999997
decision_type=2 2 2 2 2 2 2 2 2 2
left_child=1 -1 6 4 -4 7 -3 -5 -9 -10
right_child=-2 2 3 5 -6 -7 -8 8 9 -11
leaf_value=-0.045799512361195588 0.055449302870163544 0.092495310111456452 -0.051972247707356048 0.057769818064072415 0.031968466405428365 -0.053114362970376743 0.01548291697491245 -0.022948409360279573 0.046452003951290274 0.00085637686550462582
leaf_weight=26.401002421975136 18.3320492208004 11.224542587995527 67.982613727450371 12.976952850818632 21.044838309288025 18.081196129322052 20.941554218530655 88.190366610884666 52.457662150263786 742.35809826850891
leaf_count=82 58 32 226 28 36 28 63 169 120 1533
internal_value=-0.000789506 -0.0017606 -0.000637528 -0.00201623 -0.0321298 0.000916761 0.0423568 0.00200712 0.00118762 0.00386568
internal_weight=1079.99 1061.66 1035.26 1003.09 89.0275 914.064 32.1661 895.983 883.006 794.816
internal_count=2375 2317 2235 2140 262 1878 95 1850 1822 1653
is_linear=0
shrinkage=0.05


Tree=37
num_leaves=11
num_cat=0
split_feature=16 16 5 16 7 0 4 16 7 16
split_gain=28.9705 23.7214 28.009 32.4767 30.6686 24.9056 21.5173 19.7953 36.1267 20.9833
threshold=900.50000000000011 740.50000000000011 31.700851500000002 765.50000000000011 -25.545219999999997 4.6890255000000005 1.3270845000000002 710.50000000000011 -8.2149594999999973 616.50000000000011
decision_type=2 2 2 2 2 2 2 2 2 2
left_child=1 6 4 -4 -3 -6 7 9 -9 -1
right_child=-2 2 3 -5 5 -7 -8 8 -10 -11
leaf_value=-0.004795755367678004 -0.062911668827658404 -0.031029531001681827 0.047835741016600673 -0.037084050216553741 0.059001067529547147 -0.02081288469872293 0.048537877352962902 0.012229476154907905 -0.090595188411010413 0.017215133559353855
leaf_weight=727.99159863591194 17.934603214263916 14.548459351062773 16.569954305887222 35.126202791929245 69.710741728544235 11.368104368448256 20.713214546442032 16.713996469974518 17.47189861536026 127.19600686430931
leaf_count=1767 29 20 29 57 143 22 40 29 25 220
internal_value=0.000104178 0.00117298 0.0197863 -0.00986506 0.0358159 0.0478103 -0.00184012 -0.0030134 -0.0403227 -0.00152197
internal_weight=1075.34 1057.41 147.323 51.6962 95.6273 81.0788 910.087 889.374 34.1859 855.188
internal_count=2381 2352 271 86 185 165 2081 2041 54 1987
is_linear=0
shrinkage=0.05


Tree=38
num_leaves=11
num_cat=0
split_feature=7 6 16 16 4 2 16 5 22 3
split_gain=21.7177 18.4104 17.3169 17.7816 15.9198 17.4072 36.4956 64.8394 33.3726 40.0583
threshold=-3.6658359999999997 -20.264350499999995 900.50000000000011 37.500000000000007 1.2721910000000003 9.1936845000000016 394.50000000000006 22.499035000000003 1.0000000180025095e-35 0.28352100000000008
decision_type=2 2 2 2 2 2 2 2 2 2
left_child=1 -1 3 -3 5 6 -5 -8 9 -7
right_child=-2 2 -4 4 -6 8 7 -9 -10 -11
leaf_value=0.056338022770195909 0.055070637114483928 -0.066064115234092807 -0.051166475949923011 -0.0090953424160583659 0.036758755683810672 0.030556522650560494 0.043967217153974142 -0.0030214917945586423 -0.036489021653798359 -0.012927275564491442
leaf_weight=13.532158792018889 17.180898994207382 10.554748520255087 17.861983329057693 299.66859841346741 27.405735030770302 71.228531301021576 120.82213693857193 187.11413329839706 92.232966184616089 206.54538941383362
leaf_count=28 58 36 30 848 51 117 282 363 201 342
internal_value=-0.000688898 -0.00160392 -0.00236263 -0.00150427 -0.000826256 -0.00187989 0.0033266 0.015415 -0.0104297 -0.00177689
internal_weight=1064.15 1046.97 1033.43 1015.57 1005.02 977.612 607.605 307.936 370.007 277.774
internal_count=2356 2298 2270 2240 2204 2153 1493 645 660 459
is_linear=0
shrinkage=0.05


Tree=39
num_leaves=11
num_cat=0
split_feature=16 6 19 5 7 2 2 16 16 16
split_gain=19.7853 30.6416 31.2071 33.1924 39.9586 38.6553 33.0079 32.7159 60.2671 50.2099
threshold=228.50000000000003 -12.874794499999998 1.0000000180025095e-35 51.87092950000001 -9.4292034999999981 -2.4020774999999994 29.157798500000002 622.50000000000011 760.50000000000011 565.50000000000011
decision_type=2 2 2 2 2 2 2 2 2 2
left_child=-1 -2 6 4 -4 -6 7 9 -9 -3
right_child=1 2 3 -5 5 -7 -8 8 -10 -11
leaf_value=-0.013811070804515374 0.042781869022693625 -0.01098535791079531 0.025941402501873403 -0.037721250347467788 -0.067216869487876252 0.0034177791903594172 -0.075680127824568774 0.046852402171603982 -0.020193336682064137 -0.092973300913180124
leaf_weight=212.91415157914162 46.317736983299255 92.913927033543587 242.22439694404602 36.791054010391235 21.196561098098755 224.68459185957909 19.374407678842545 58.763962239027023 78.018470078706741 23.370646476745605
leaf_count=610 97 267 449 50 50 510 42 112 123 49
internal_value=-0.000191221 0.00324603 0.000949378 0.00807586 0.0115278 -0.00267139 -0.0127808 -0.00796532 0.00861061 -0.0274631
internal_weight=1056.57 843.656 797.338 524.897 488.106 245.881 272.441 253.067 136.782 116.285
internal_count=2359 1749 1652 1059 1009 560 593 551 235 316
is_linear=0
shrinkage=0.05


Tree=40
num_leaves=11
num_cat=0
split_feature=6 6 2 8 27 6 0 16 3 2
split_gain=21.405 18.809 17.9671 26.3407 44.8346 17.7077 25.6271 25.4701 17.0605 26.9784
threshold=-19.457300999999998 -1.1323529999999999 -13.342830999999999 57.500000000000007 1.0000000180025095e-35 -15.284406499999998 -7.0117959999999995 900.50000000000011 0.42119500000000004 20.919033000000002
decision_type=2 2 2 2 2 2 2 2 2 2
left_child=-1 2 -2 5 -5 -4 -7 8 9 -8
right_child=1 -3 3 4 -6 6 7 -9 -10 -11
leaf_value=0.058512072622514247 0.022679415823340106 0.047955240903042061 -0.044219589323601538 -0.033639259759835137 0.034796017423917171 0.070540658867839362 0.0073532560694752813 -0.061284488157832218 -0.0030479741656474807 0.059489906027817396
leaf_weight=16.060425192117691 76.545414656400681 20.334666654467583 20.813303589820862 129.97194676101208 29.334347814321518 13.601953998208044 231.80132259428501 15.916592895984648 468.06809468567371 27.786793261766434
leaf_count=36 183 58 37 318 81 22 584 28 969 44
internal_value=0.00123211 0.000342574 -0.000612397 -0.00251455 -0.0210377 0.00127838 0.00252903 0.00128492 0.00265355 0.0129341
internal_weight=1050.23 1034.17 1013.84 937.294 159.306 777.988 757.175 743.573 727.656 259.588
internal_count=2360 2324 2266 2083 399 1684 1647 1625 1597 628
is_linear=0
shrinkage=0.05


Tree=41
num_leaves=11
num_cat=0
split_feature=5 5 7 19 2 16 16 2 16 6
split_gain=22.0107 23.9789 39.7871 25.8679 39.1306 53.0563 48.9371 40.7846 39.4058 43.8847
threshold=64.507990000000021 51.87092950000001 -22.489228499999996 1.0000000180025095e-35 28.646576500000005 398.50000000000006 318.50000000000006 23.786204000000005 234.50000000000003 -4.2343734999999993
decision_type=2 2 2 2 2 2 2 2 2 2
left_child=1 3 -3 -1 5 6 8 -7 -5 -10
right_child=-2 2 -4 4 -6 7 -8 -9 9 -11
leaf_value=-0.010856119810372218 0.041871710875379581 0.028193455837519005 -0.06277147364808626 -0.016884013074967851 0.041382200165429067 0.02192642237458271 -0.052914724102054937 -0.055916092636498306 0.052811379264527863 -0.025619254810377926
leaf_weight=295.04913741350174 31.855634495615959 17.966808900237083 36.32312598824501 154.86053721606731 73.317766487598419 285.74587996304035 59.588714063167572 17.879731148481369 52.896234691143036 26.908118963241577
leaf_count=679 61 48 52 457 141 558 147 24 117 73
internal_value=0.000943842 -0.000333705 -0.0326674 0.00148301 0.00690712 0.00267945 -0.0124506 0.0173425 -0.00217549 0.0263664
internal_weight=1052.39 1020.54 54.2899 966.246 671.197 597.879 294.254 303.626 234.665 79.8044
internal_count=2357 2296 100 2196 1517 1376 794 582 647 190
is_linear=0
shrinkage=0.05


Tree=42
num_leaves=11
num_cat=0
split_feature=5 5 19 2 7 16 6 16 16 16
split_gain=26.0928 28.6229 25.5232 39.3113 36.6117 59.5981 36.7528 35.1097 47.7342 38.3324
threshold=64.507990000000021 46.055489000000009 1.0000000180025095e-35 28.646576500000005 -13.364189499999997 207.50000000000003 -13.130407 628.50000000000011 760.50000000000011 565.50000000000011
decision_type=2 2 2 2 2 2 2 2 2 2
left_child=1 2 7 4 5 6 -4 9 -9 -1
right_child=-2 -3 3 -5 -6 -7 -8 8 -10 -11
leaf_value=-0.016974238708086169 0.043810509366026852 -0.029571672800230958 -0.088221086076529509 0.043535479515455541 -0.0059654317649955957 0.04194933474100454 0.0040202641305974928 0.041344987169036979 -0.018866245136651496 -0.083603606892029003
leaf_weight=116.45695906877518 32.147166430950165 85.805243283510208 15.045159250497816 63.164796963334084 415.07258215546608 114.94702455401421 38.262023285031319 56.392841160297394 79.069652706384659 26.497650504112244
leaf_count=361 64 155 25 127 986 233 110 107 124 56
internal_value=-0.000536004 -0.00194651 0.000616324 0.00606705 0.00200983 0.0216843 -0.0220135 -0.0120404 0.0061996 -0.0293245
internal_weight=1042.86 1010.71 924.909 646.492 583.327 168.254 53.3072 278.417 135.462 142.955
internal_count=2348 2284 2129 1481 1354 368 135 648 231 417
is_linear=0
shrinkage=0.05


Tree=43
num_leaves=11
num_cat=0
split_feature=7 16 16 5 16 2 2 7 7 4
split_gain=19.5444 18.4731 16.8957 22.4775 19.8922 37.9378 32.7892 33.1079 30.3104 31.6194
threshold=-3.6658359999999997 55.500000000000007 101.50000000000001 11.123702000000002 180.50000000000003 30.061026500000001 6.6265090000000013 -7.089732999999999 -8.6844669999999997 -0.0071009999999999988
decision_type=2 2 2 2 2 2 2 2 2 2
left_child=1 -1 -3 -4 5 -5 7 8 -6 -10
right_child=-2 2 3 4 6 -7 -8 -9 9 -11
leaf_value=-0.049676605251558897 0.054385789506483012 0.032964117072970388 -0.053362787583862308 -0.041826843235952288 0.010094411894253729 0.036210297077291058 -0.0087577056629952032 0.047267470911730031 -0.070657243692044999 0.028982451140217233
leaf_weight=19.371047720313072 15.995661690831183 36.607053637504578 20.559127315878868 65.975566998124123 376.52054858207703 20.386926591396332 399.61379051208496 54.789726197719574 24.207263797521591 11.864562541246412
leaf_count=66 61 108 59 226 853 36 739 148 50 27
internal_value=-0.000458735 -0.00131054 -0.0003834 -0.00163685 -0.00052138 -0.0234052 0.00175811 0.0107492 0.00589977 -0.0378843
internal_weight=1045.89 1029.9 1010.52 973.918 953.358 86.3625 866.996 467.382 412.592 36.0718
internal_count=2373 2312 2246 2138 2079 262 1817 1078 930 77
is_linear=0
shrinkage=0.05


Tree=44
num_leaves=11
num_cat=0
split_feature=7 16 16 0 16 2 2 7 4 16
split_gain=17.3704 15.2375 19.8848 21.2377 20.1019 34.2612 18.9468 24.1739 25.6492 19.1027
threshold=-3.6658359999999997 61.500000000000007 101.50000000000001 -1.1455764999999998 180.50000000000003 26.972924000000003 9.1936845000000016 -5.7190374999999998 0.59413250000000006 877.50000000000011
decision_type=2 2 2 2 2 2 2 2 2 2
left_child=1 -1 3 -3 5 -4 7 8 -6 -8
right_child=-2 2 4 -5 6 -7 9 -9 -10 -11
leaf_value=-0.041462954653676533 0.054121711080353477 0.094732649899776616 -0.041707233980258218 0.0097455315226032957 0.0016570383694189186 0.032459979299145118 -0.0049978394010282545 0.044286586942957583 0.057423058316514258 -0.05619366207642798
leaf_weight=22.383782312273979 14.676401332020758 11.114653527736662 65.650001123547554 21.707881167531013 473.06728659570217 20.412624835968018 334.46743285655975 40.457845717668533 21.558989331126213 19.270577669143677
leaf_count=76 59 32 233 65 1077 36 601 110 53 28
internal_value=0.000109419 -0.00066013 0.000246206 0.0385246 -0.00104256 -0.024116 0.00119159 0.00712713 0.00408768 -0.00778683
internal_weight=1044.77 1030.09 1007.71 32.8225 974.885 86.0626 888.822 535.084 494.626 353.738
internal_count=2370 2311 2235 97 2138 269 1869 1240 1130 629
is_linear=0
shrinkage=0.05


Tree=45
num_leaves=11
num_cat=0
split_feature=16 16 5 8 16 16 6 6 3 2
split_gain=22.1093 21.954 31.3206 24.6899 21.6597 25.214 21.4248 36.1235 22.0633 28.7991
threshold=900.50000000000011 613.50000000000011 25.896373000000004 37.500000000000007 511.50000000000006 324.50000000000006 -9.4787029999999977 -5.864346499999999 3.0476825000000005 25.688312000000003
decision_type=2 2 2 2 2 2 2 2 2 2
left_child=1 3 -3 4 5 -1 -4 -8 -9 -10
right_child=-2 2 6 -5 -6 -7 7 8 9 -11
leaf_value=-0.053810623256910987 -0.060015133137959399 0.028769275791177031 0.025629662758825986 -0.0021114281367349049 -0.086650272856610741 0.019889286896384625 -0.040868737936234689 0.062442207006991615 0.044031499390622481 -0.038422073999962003
leaf_weight=23.989761918783188 15.668635427951811 137.30223304033279 46.339235931634903 652.35148052871227 15.35762697458267 22.479529976844788 62.663942992687225 16.57488489151001 17.723327964544296 26.312383264303207
leaf_count=69 30 305 71 1619 30 54 100 22 27 45
internal_value=-0.00107176 -0.00016728 0.0110165 -0.00497346 -0.0351715 -0.0181583 -0.00335442 -0.0142496 0.0132713 -0.00523647
internal_weight=1036.76 1021.09 306.916 714.178 61.8269 46.4693 169.614 123.275 60.6106 44.0357
internal_count=2372 2342 570 1772 153 123 265 194 94 72
is_linear=0
shrinkage=0.05


Tree=46
num_leaves=11
num_cat=0
split_feature=6 7 4 5 5 3 19 16 6 16
split_gain=19.3136 17.4928 14.8589 16.8412 25.1835 28.1184 24.8436 30.0126 37.9217 37.4118
threshold=-20.264350499999995 -3.6658359999999997 1.2721910000000003 45.253410500000008 59.299730000000004 -0.27074349999999997 1.0000000180025095e-35 622.50000000000011 -6.1392874999999991 562.50000000000011
decision_type=2 2 2 2 2 2 2 2 2 2
left_child=-1 2 3 6 5 -5 7 8 9 -2
right_child=1 -3 -4 4 -6 -7 -8 -9 -10 -11
leaf_value=0.064903786126377788 0.002293483957925314 0.053896198389347283 0.035518375388162042 0.0096627480036089279 0.020443835096903309 -0.055704444774519447 0.0051965537756730167 0.0042551170290998841 -0.068783775745895975 -0.081085466734959685
leaf_weight=11.286760866641997 79.164579629898071 14.378759473562239 26.194855183362961 23.58659140765667 26.557391032576561 54.386008560657501 608.87517565488815 128.55462676286697 42.239819511771202 16.20795613527298
leaf_count=28 251 61 50 39 51 91 1399 225 119 35
internal_value=-0.000143293 -0.000862966 -0.00164582 -0.00263963 -0.0216081 -0.035931 -0.000373712 -0.0131161 -0.0293439 -0.0118762
internal_weight=1031.43 1020.15 1005.77 979.572 104.53 77.9726 875.042 266.167 137.612 95.3725
internal_count=2349 2321 2260 2210 181 130 2029 630 405 286
is_linear=0
shrinkage=0.05


Tree=47
num_leaves=11
num_cat=0
split_feature=6 16 16 7 6 7 7 8 20 3
split_gain=16.125 14.8855 17.8214 15.7507 34.6713 32.6002 36.8798 29.1112 20.6274 20.3123
threshold=-1.1323529999999999 55.500000000000007 101.50000000000001 -5.3596829999999995 -2.3363894999999997 -7.8904974999999995 -7.4661974999999989 37.500000000000007 1.0000000180025095e-35 -3.9958624999999999
decision_type=2 2 2 2 2 2 2 2 2 2
left_child=1 -1 -3 5 -5 8 -7 -8 -4 -10
right_child=-2 2 3 4 -6 6 7 -9 9 -11
leaf_value=-0.046766690458319861 0.046940006569397737 0.034038579120645909 -0.0022537169870120825 0.026724382532610114 -0.054413884489858635 -0.068333346529551031 -0.062487429139915895 -0.0010502254556501692 0.083771040488211754 0.014100385019381656
leaf_weight=17.489766374230385 17.81997486948967 36.532069101929665 582.10520222783089 98.711521834135056 15.192504614591597 35.933007106184959 23.20319227874279 114.07690826058388 12.216187253594397 72.840017095208168
leaf_count=63 57 109 1211 232 38 92 54 268 31 203
internal_value=-0.000207822 -0.00104108 -0.000233931 -0.00154596 0.0159022 -0.00391088 -0.0232381 -0.0114344 0.00110698 0.0241068
internal_weight=1026.12 1008.3 990.811 954.279 113.904 840.375 173.213 137.28 667.161 85.0562
internal_count=2358 2301 2238 2129 270 1859 414 322 1445 234
is_linear=0
shrinkage=0.05


Tree=48
num_leaves=11
num_cat=0
split_feature=6 7 2 6 19 2 7 2 5 4
split_gain=17.0794 19.3805 22.148 19.2795 16.6872 27.7434 24.6784 56.6838 47.1084 40.4861
threshold=-18.340320499999994 -33.728653499999993 -13.342830999999999 -15.284406499999998 1.0000000180025095e-35 29.157798500000002 -12.790780999999997 6.1343225000000006 38.488631500000004 -0.20851749999999997
decision_type=2 2 2 2 2 2 2 2 2 2
left_child=-1 -2 -3 -4 5 6 8 9 -5 -8
right_child=1 2 3 4 -6 -7 7 -9 -10 -11
leaf_value=0.048073626179430048 -0.06679117578391762 0.028916569849433478 -0.045300425120446568 -0.040260665571003704 0.0033524087739872938 -0.070964125408394349 -0.037000436492583548 -0.017105260896611348 0.054624908242740716 0.069551847994864441
leaf_weight=17.966946825385094 11.106875240802763 60.593771949410439 25.334316909313202 87.332841083407402 635.63307167589664 18.270667314529419 11.302543580532072 96.625695258378983 15.38536851108074 42.202966690063477
leaf_count=45 15 157 48 209 1458 42 27 197 55 101
internal_value=-0.000245286 -0.00111015 -0.000375264 -0.00227949 -0.0010775 -0.0114633 -0.00716381 0.00575688 -0.0260485 0.0470437
internal_weight=1021.76 1003.79 992.681 932.087 906.753 271.12 252.849 150.131 102.718 53.5055
internal_count=2354 2309 2294 2137 2089 631 589 325 264 128
is_linear=0
shrinkage=0.05


Tree=49
num_leaves=11
num_cat=0
split_feature=5 5 7 0 6 16 7 16 0 6
split_gain=19.4382 21.7818 23.5407 22.9227 18.3043 33.3769 27.5842 26.4564 33.2804 30.7144
threshold=61.281258000000008 51.87092950000001 -22.489228499999996 6.5749295000000005 -11.897619999999998 207.50000000000003 -26.135629499999997 613.50000000000011 4.8484030000000011 -5.864346499999999
decision_type=2 2 2 2 2 2 2 2 2 2
left_child=1 3 -3 4 5 -1 -6 -8 9 -9
right_child=-2 2 -4 -5 6 -7 7 8 -10 -11
leaf_value=-0.017456660691930491 0.038319237826836682 0.020175292222548161 -0.053577521338915128 0.029448001391429654 -0.048191889470878241 0.054538197388512615 -0.00778704016743831 -0.0026545168538668648 -0.044715650426122501 0.034344122078086958
leaf_weight=27.922409415245056 32.617709383368492 15.228955164551733 37.365691930055618 65.181777596473694 32.892659366130829 38.016543045639992 528.86020919680595 101.43602129817009 23.488280981779099 125.48564669489861
leaf_count=63 70 39 55 123 48 85 1393 172 42 280
internal_value=0.000337668 -0.000906332 -0.0322221 0.000839744 -0.00128386 0.0240514 -0.00334081 -0.00144766 0.011941 0.0178054
internal_weight=1028.5 995.878 52.5946 943.284 878.102 65.939 812.163 779.27 250.41 226.922
internal_count=2370 2300 94 2206 2083 148 1935 1887 494 452
is_linear=0
shrinkage=0.05


Tree=50
num_leaves=11
num_cat=0
split_feature=2 4 16 16 6 6 6 5 6 16
split_gain=16.6699 18.0516 16.5461 25.2306 25.1414 24.6796 27.9723 24.5565 31.5017 29.2134
threshold=-13.342830999999999 0.46237650000000002 267.50000000000006 309.50000000000006 -12.874794499999998 -13.160831 -9.1480694999999983 31.700851500000002 -10.035755499999999 398.50000000000006
decision_type=2 2 2 2 2 2 2 2 2 2
left_child=-1 2 5 -4 -5 -2 -7 9 -9 -6
right_child=1 -3 3 4 7 6 -8 8 -10 -11
leaf_value=0.022519298184421232 -0.071356493082313524 0.012162539243008912 0.046503250307161258 0.039800002474749421 -0.027776031886910076 0.043955716705422386 -0.020475950310674458 0.0023842765471201888 -0.056972146547302566 0.0052834245088270899
leaf_weight=79.237837210297585 19.750032097101212 195.77966669201851 26.72083193063736 32.001903265714645 82.338376730680466 19.483269721269608 124.39455008506775 41.442727446556091 48.527745306491852 354.63947539031506
leaf_count=194 38 412 78 65 215 53 449 56 91 727
internal_value=0.000490678 -0.00135626 -0.0048885 -0.000961222 -0.00323028 -0.0189454 -0.0117509 -0.00584354 -0.029631 -0.000945866
internal_weight=1024.32 945.079 749.299 585.671 558.95 163.628 143.878 526.948 89.9705 436.978
internal_count=2378 2184 1772 1232 1154 540 502 1089 147 942
is_linear=0
shrinkage=0.05


Tree=51
num_leaves=11
num_cat=0
split_feature=2 3 6 5 5 8 19 16 16 16
split_gain=19.657 20.8793 16.9745 16.8919 19.6321 22.7983 18.5512 26.3995 49.933 38.56
threshold=40.587608500000009 5.9792780000000008 -4.0103009999999992 59.299730000000004 51.87092950000001 42.500000000000007 1.0000000180025095e-35 394.50000000000006 318.50000000000006 258.50000000000006
decision_type=2 2 2 2 2 2 2 2 2 2
left_child=3 -2 -3 4 6 -6 -1 8 9 -8
right_child=1 2 -4 -5 5 -7 7 -9 -10 -11
leaf_value=-0.011307797588383435 0.060897185402657511 -0.038647912833833273 0.038002449273952195 0.043327877176372237 -0.082322385320137983 -0.0001618715873243574 -0.0081016799075505196 0.014126474102349183 -0.04986755417455891 0.038996346749549632
leaf_weight=280.58279679715633 27.138959482312202 14.39092403650284 14.500876739621161 20.947518602013588 16.184599697589874 17.652570769190788 180.59139114618301 320.4807815104723 54.400887072086334 57.230253472924232
leaf_count=663 46 19 34 58 24 43 528 644 137 140
internal_value=0.000627728 0.0294048 -0.000176879 -0.00107299 -0.00207619 -0.0394599 -0.000660116 0.00421591 -0.00665302 0.00323216
internal_weight=1004.1 56.0308 28.8918 948.071 927.123 33.8372 893.286 612.703 292.223 237.822
internal_count=2336 99 53 2237 2179 67 2112 1449 805 668
is_linear=0
shrinkage=0.05


Tree=52
num_leaves=11
num_cat=0
split_feature=16 4 16 4 0 19 5 0 16 7
split_gain=19.2668 14.4557 25.7327 30.2936 18.2378 18.1164 16.7649 21.3349 18.3962 16.2266
threshold=900.50000000000011 0.46237650000000002 865.50000000000011 0.24575400000000003 0.16439900000000005 1.0000000180025095e-35 20.467929000000002 8.6517215000000025 282.50000000000006 -13.835873499999998
decision_type=2 2 2 2 2 2 2 2 2 2
left_child=1 2 3 -1 -3 -5 -6 8 -8 -10
right_child=-2 4 -4 5 6 -7 7 -9 9 -11
leaf_value=0.00023642860624106929 -0.059129443597756348 0.039739398429046738 0.044560771656614671 -0.056463364730569822 0.060826516677801805 -0.014512698947866696 0.021719805295934699 0.035412777846057959 -0.07646941478175831 -0.014693249030646734
leaf_weight=652.13080561161041 13.720630198717116 47.591092050075531 28.159101545810699 36.128629490733147 11.87918685376644 89.462959453463554 28.246816709637642 30.42748935520649 13.000777930021284 58.28662520647049
leaf_count=1616 28 101 40 80 42 198 53 58 26 121
internal_value=-0.000283782 0.000527419 -0.00239405 -0.00409415 0.0129559 -0.0265805 0.00396941 -0.00122763 -0.0124286 -0.0259595
internal_weight=1009.03 995.313 805.881 777.722 189.432 125.592 141.841 129.962 99.5342 71.2874
internal_count=2363 2335 1934 1894 401 278 300 258 200 147
is_linear=0
shrinkage=0.05


Tree=53
num_leaves=11
num_cat=0
split_feature=6 6 2 7 16 2 7 6 5 16
split_gain=13.0855 15.3507 29.4586 27.9252 26.0372 51.8311 21.0285 31.1682 28.2619 24.9983
threshold=-1.1323529999999999 -3.0641699999999994 29.157798500000002 -5.1778004999999991 502.50000000000006 19.126777000000004 -8.9462234999999968 -7.0818709999999987 13.3557085 207.50000000000003
decision_type=2 2 2 2 2 2 2 2 2 2
left_child=1 3 4 6 -3 -6 8 -8 -1 -10
right_child=-2 2 -4 -5 5 -7 7 -9 9 -11
leaf_value=0.07109254865591326 0.042893149474748982 -0.045260248371365538 0.040022083196958748 0.038072435942345516 0.03246590024493904 -0.072506117828120914 -0.063255593296915033 -0.0054688080311371887 -0.01730553139351278 0.0084697453513323702
leaf_weight=15.856632709503172 18.596367672085762 66.105430513620377 21.064559996128082 53.504353240132332 39.302049070596695 16.779993638396263 27.371511802077293 158.20056766271591 116.72906790673733 484.56055477261543
leaf_count=54 64 204 59 152 79 28 63 371 309 995
internal_value=0.00133575 0.000562525 -0.0145867 0.0030971 -0.024001 0.00105781 0.000765853 -0.0139922 0.00520352 0.00346596
internal_weight=1018.07 999.475 143.252 856.223 122.187 56.082 802.718 185.572 617.146 601.29
internal_count=2378 2314 370 1944 311 107 1792 434 1358 1304
is_linear=0
shrinkage=0.05


Tree=54
num_leaves=11
num_cat=0
split_feature=16 16 8 16 16 3 16 4 16 2
split_gain=13.2506 13.7963 30.4945 42.7044 29.9306 29.5081 30.6477 34.7391 27.0411 26.514
threshold=900.50000000000011 613.50000000000011 42.500000000000007 550.50000000000011 321.50000000000006 2.0056050000000005 655.50000000000011 0.46237650000000002 410.50000000000006 9.4905415000000009
decision_type=2 2 2 2 2 2 2 2 2 2
left_child=1 2 3 4 -1 -3 -7 9 -6 -8
right_child=-2 5 -4 -5 8 6 7 -9 -10 -11
leaf_value=-0.032858284328645161 -0.046164628125115598 0.024982608719321356 0.0024602361162593435 -0.082939440160878064 0.066473624772942316 0.043454760044887138 -0.0014304710067768636 0.015385675058088308 -0.0074235008227827781 -0.066637182162356742
leaf_weight=71.242401748895645 15.275107651948927 153.48665909469128 555.08135847747326 24.698287546634674 17.974537193775177 24.634926170110703 25.41352204978466 45.541509836912155 39.772245436906815 40.327704578638077
leaf_count=193 32 291 1427 49 41 48 50 118 84 61
internal_value=5.19914e-05 0.000759247 -0.00299696 -0.022707 -0.011174 0.00995842 -0.00700782 -0.0181788 0.0155781 -0.0414303
internal_weight=1013.45 998.173 708.769 153.687 128.989 289.404 135.918 111.283 57.7468 65.7412
internal_count=2394 2362 1794 367 318 568 277 229 125 111
is_linear=0
shrinkage=0.05


Tree=55
num_leaves=11
num_cat=0
split_feature=4 16 16 16 6 16 0 7 3 3
split_gain=19.958 16.78 14.9361 18.8228 28.6243 22.6419 18.0779 15.2689 42.6213 26.1805
threshold=1.3270845000000002 55.500000000000007 105.50000000000001 180.50000000000003 -9.1480694999999983 141.50000000000003 -0.91582749999999991 -15.595295499999997 0.12222000000000001 -4.8830934999999984
decision_type=2 2 2 2 2 2 2 2 2 2
left_child=1 -1 6 4 5 -4 -3 8 9 -5
right_child=-2 2 3 7 -6 -7 -8 -9 -10 -11
leaf_value=-0.049298646399073005 0.047418377406591071 0.076991094290007764 0.064203300009823328 0.0030265946317405055 -0.044526804835760186 -0.038035484613989187 0.00347169338895885 -0.0029456834061977366 -0.013072514869920622 0.055477496264776438
leaf_weight=17.829859048128128 21.540379971265793 13.516004145145414 13.271165847778322 38.693790227174759 55.104064017534256 9.1482324898242933 21.925404608249664 662.19543553888798 83.441070824861526 61.770941540598869
leaf_count=67 46 41 35 95 193 29 72 1448 192 143
internal_value=-0.00018805 -0.00123776 -0.00034427 -0.00156655 -0.0251474 0.0224848 0.0315092 0.000594024 0.0133396 0.0352761
internal_weight=998.436 976.896 959.066 923.625 77.5235 22.4194 35.4414 846.101 183.906 100.465
internal_count=2361 2315 2248 2135 257 64 113 1878 430 238
is_linear=0
shrinkage=0.05


Tree=56
num_leaves=11
num_cat=0
split_feature=6 6 2 7 16 2 0 5 2 7
split_gain=13.5259 12.7699 26.2002 23.142 22.8185 34.6798 17.6352 16.568 20.193 13.4511
threshold=-1.1323529999999999 -3.0641699999999994 31.139238500000001 -5.1778004999999991 499.50000000000006 21.415068500000004 1.7881490000000004 17.725153000000002 8.5836365000000026 -8.9462234999999968
decision_type=2 2 2 2 2 2 2 2 2 2
left_child=1 3 4 9 -3 6 -6 8 -5 -1
right_child=-2 2 -4 7 5 -7 -8 -9 -10 -11
leaf_value=0.0030134512426130068 0.044182779177105551 -0.042559477051671735 0.040204453353062011 0.038824081186362477 0.054095869481683878 -0.061300493234197818 -0.010492974005431964 0.061726578072387107 -0.049032247175778705 -0.012631898709253667
leaf_weight=618.76990489661694 17.118708774447441 67.094423651695251 19.116277948021889 17.803804263472561 22.677362829446793 16.56480647623539 19.791915327310562 26.338169783353806 10.337861165404318 176.58769164979458
leaf_count=1372 59 209 52 63 49 30 37 70 25 425
internal_value=0.000115729 -0.00064237 -0.0143434 0.00169925 -0.0226107 6.17406e-05 0.0239956 0.033225 0.00655 -0.000460177
internal_weight=1012.2 995.082 145.245 849.837 126.129 59.0341 42.4693 54.4798 28.1417 795.358
internal_count=2391 2332 377 1955 325 116 86 158 88 1797
is_linear=0
shrinkage=0.05


Tree=57
num_leaves=11
num_cat=0
split_feature=7 7 16 5 7 7 7 8 20 0
split_gain=12.7766 13.0224 11.454 14.3663 14.1424 23.3982 44.1915 47.4402 27.9578 26.2917
threshold=-3.6658359999999997 -3.8766169999999995 61.500000000000007 13.567731 -5.1778004999999991 -7.8904974999999995 -7.4661974999999989 37.500000000000007 1.0000000180025095e-35 4.2568580000000003
decision_type=2 2 2 2 2 2 2 2 2 2
left_child=1 2 3 -1 5 8 -7 -8 -4 -9
right_child=-2 -3 4 -5 -6 6 7 9 -10 -11
leaf_value=0.023082239017301779 0.053150483253803948 -0.039745455719610717 -0.00020549682154258773 -0.064101114727860148 0.02324867927414544 -0.065845159607651957 -0.060136494235428287 0.01681444354803133 0.029967927077236192 -0.060232543014765744
leaf_weight=6.9958596974611309 11.175198599696158 20.811317533254623 590.45957435667515 14.557993099093435 66.713433414697647 36.171091347932816 30.724187448620796 112.42606103420258 88.243538960814476 12.282203942537306
leaf_count=34 57 47 1263 46 185 97 70 276 259 21
internal_value=-9.58741e-06 -0.000616166 0.000233358 -0.0358035 0.0010623 -0.000638401 -0.0160683 -0.0044846 0.00371759 0.00922628
internal_weight=990.56 979.385 958.574 21.5539 937.02 870.307 191.604 155.432 678.703 124.708
internal_count=2355 2298 2251 80 2171 1986 464 367 1522 297
is_linear=0
shrinkage=0.05


Tree=58
num_leaves=11
num_cat=0
split_feature=16 16 4 6 5 16 16 7 6 6
split_gain=18.896 14.2807 15.0568 22.5648 19.5914 33.6147 40.6993 33.9054 24.0581 26.8297
threshold=900.50000000000011 865.50000000000011 0.47308000000000006 -3.0641699999999994 20.564629500000002 382.50000000000006 318.50000000000006 -6.6763724999999994 -5.4149914999999984 -4.5289444999999988
decision_type=2 2 2 2 2 2 2 2 2 2
left_child=1 2 3 4 5 6 -1 -7 -6 -10
right_child=-2 -3 -4 -5 8 7 -8 -9 9 -11
leaf_value=0.013268650789304044 -0.058216230906670489 0.03179830125306754 0.012340497897949151 -0.026682310462010236 -0.0011692654971420225 0.066452739075451253 -0.051876453201552125 0.0036856191055428104 -0.078364950331695729 -0.013192642419400991
leaf_weight=85.821203157305717 13.947382360696791 34.910902604460716 177.78088994324207 94.533232375979424 387.54570010304451 44.44956448674202 33.269560039043427 41.698833733797073 22.02163502573967 55.821222364902496
leaf_count=300 31 52 389 278 846 108 88 104 52 111
internal_value=-0.000428825 0.000395413 -0.000767228 -0.00381274 -0.000588988 0.0122799 -0.00493048 0.0360713 -0.00626422 -0.0316298
internal_weight=991.8 977.853 942.942 765.161 670.628 205.239 119.091 86.1484 465.389 77.8429
internal_count=2359 2328 2276 1887 1609 600 388 212 1009 163
is_linear=0
shrinkage=0.05


Tree=59
num_leaves=11
num_cat=0
split_feature=6 6 2 6 20 5 16 0 16 2
split_gain=14.4625 10.2401 21.6456 20.596 18.8912 16.5456 17.9792 52.895 27.2852 26.4491
threshold=-19.457300999999998 -9.7310194999999986 48.871490500000007 -10.035755499999999 1.0000000180025095e-35 25.375767000000007 240.50000000000003 6.9063810000000005 682.50000000000011 15.748768000000002
decision_type=2 2 2 2 2 2 2 2 2 2
left_child=-1 3 -3 4 5 -2 9 8 -8 -7
right_child=1 2 -4 -5 -6 6 7 -9 -10 -11
leaf_value=0.048856731390708091 -0.054755915704361169 0.00091441433196216794 0.059842743293427994 -0.05740571809605538 0.052370051725911006 -0.047539790181358711 0.034548463404994068 -0.077376031597940209 -0.042810268787398242 0.03251236506914431
leaf_weight=15.042362347245215 18.083252459764481 752.95138615369797 15.912736177444456 20.904139190912247 13.291037052869795 41.097101971507072 75.183318570256233 15.471673205494879 13.435466915369032 13.777296781539915
leaf_count=40 43 1862 32 37 34 95 148 19 23 27
internal_value=0.000201882 -0.000544857 0.00213402 -0.0102952 -0.00512124 -0.00943712 -0.00428182 0.00792729 0.0228201 -0.0274411
internal_weight=995.15 980.107 768.864 211.243 190.339 177.048 158.965 104.09 88.6188 54.8744
internal_count=2360 2320 1894 426 389 355 312 190 171 122
is_linear=0
shrinkage=0.05


end of trees

feature_importances:
navSampleSize=164
maxDrawdown60d=107
return60d=79
maxDrawdown20d=60
volatility20d=59
trendSlope20d=28
holdingDays=24
lossDayRatio20d=21
ma20Deviation=16
return5d=14
isActiveFund=13
isActiveQdii=6
isQdiiFund=3
return20d=2
profitBuffer=2
isEtfFund=1
typeActiveQdii=1

parameters:
[boosting: gbdt]
[objective: binary]
[metric: auc]
[tree_learner: serial]
[device_type: cpu]
[data_sample_strategy: bagging]
[data: ]
[valid: ]
[num_iterations: 60]
[learning_rate: 0.05]
[num_leaves: 11]
[num_threads: 8]
[seed: 17]
[deterministic: 0]
[force_col_wise: 0]
[force_row_wise: 0]
[histogram_pool_size: -1]
[max_depth: -1]
[min_data_in_leaf: 25]
[min_sum_hessian_in_leaf: 0.001]
[bagging_fraction: 0.9]
[pos_bagging_fraction: 1]
[neg_bagging_fraction: 1]
[bagging_freq: 1]
[bagging_seed: 17]
[bagging_by_query: 0]
[feature_fraction: 0.9]
[feature_fraction_bynode: 1]
[feature_fraction_seed: 17]
[extra_trees: 0]
[extra_seed: 13015]
[early_stopping_round: 0]
[early_stopping_min_delta: 0]
[first_metric_only: 0]
[max_delta_step: 0]
[lambda_l1: 0]
[lambda_l2: 0]
[linear_lambda: 0]
[min_gain_to_split: 0]
[drop_rate: 0.1]
[max_drop: 50]
[skip_drop: 0.5]
[xgboost_dart_mode: 0]
[uniform_drop: 0]
[drop_seed: 30017]
[top_rate: 0.2]
[other_rate: 0.1]
[min_data_per_group: 100]
[max_cat_threshold: 32]
[cat_l2: 10]
[cat_smooth: 10]
[max_cat_to_onehot: 4]
[top_k: 20]
[monotone_constraints: ]
[monotone_constraints_method: basic]
[monotone_penalty: 0]
[feature_contri: ]
[forcedsplits_filename: ]
[refit_decay_rate: 0.9]
[cegb_tradeoff: 1]
[cegb_penalty_split: 0]
[cegb_penalty_feature_lazy: ]
[cegb_penalty_feature_coupled: ]
[path_smooth: 0]
[interaction_constraints: ]
[verbosity: -1]
[saved_feature_importance_type: 0]
[use_quantized_grad: 0]
[num_grad_quant_bins: 4]
[quant_train_renew_leaf: 0]
[stochastic_rounding: 1]
[linear_tree: 0]
[max_bin: 255]
[max_bin_by_feature: ]
[min_data_in_bin: 3]
[bin_construct_sample_cnt: 200000]
[data_random_seed: 94]
[is_enable_sparse: 1]
[enable_bundle: 1]
[use_missing: 1]
[zero_as_missing: 0]
[feature_pre_filter: 1]
[pre_partition: 0]
[two_round: 0]
[header: 0]
[label_column: ]
[weight_column: ]
[group_column: ]
[ignore_column: ]
[categorical_feature: ]
[forcedbins_filename: ]
[precise_float_parser: 0]
[parser_config_file: ]
[objective_seed: 20363]
[num_class: 1]
[is_unbalance: 0]
[scale_pos_weight: 1]
[sigmoid: 1]
[boost_from_average: 1]
[reg_sqrt: 0]
[alpha: 0.9]
[fair_c: 1]
[poisson_max_delta_step: 0.7]
[tweedie_variance_power: 1.5]
[lambdarank_truncation_level: 30]
[lambdarank_norm: 1]
[label_gain: ]
[lambdarank_position_bias_regularization: 0]
[eval_at: ]
[multi_error_top_k: 1]
[auc_mu_weights: ]
[num_machines: 1]
[local_listen_port: 12400]
[time_out: 120]
[machine_list_filename: ]
[machines: ]
[gpu_platform_id: -1]
[gpu_device_id: -1]
[gpu_use_dp: 0]
[num_gpu: 1]

end of parameters

pandas_categorical:[]
